1 0.751857 0.768688 0.658621 0.651578 0.751252 0.690678 0.679296 0.616162 0.650142 0.748227 0.666237 0.591633 0.59387 0.580214 0.619345 0.553829 0.63228 0.577465 0.624672 0.654021 0.604307 0.50838 0.556522 0.623588 0.626807 0.601709 0.527725 0.479757 0.638199 0.627622 0.597656 0.583123 0.552567 0.513548 0.5 0.590417 0.636765 0.581062 0.597843 0.564991 0.634395 0.622857 0.614433 0.652318 0.642738 0.597561 0.570634 0.522044 0.577869 0.582022 0.618105 0.551564 0.637243 0.646774 0.642236 0.617241 0.639951 0.612174 0.752547 0.773494 0.612053 0.584795 0.650696 0.635983 0.6411 0.636672 0.605042 0.627075 0.637006 0.620553 0.548052 0.509259 0.520877 0.504283 0.707851 0.634424 0.63764 0.571253 0.532669 0.472222 0.588652 0.554307 0.652542 0.622074 0.578947 0.642287 0.611024 0.557169 0.630724 0.64613 0.616095 0.577836 0.529609 0.580357 0.720195 0.657106 0.687776 0.682963 0.628571 0.693742 0.701166 0.653409 0.635118 0.63459 0.653465 0.550645 0.61039 0.612532 0.49067 0.565972 
0.751857 1 0.738227 0.63575 0.681941 0.669935 0.732316 0.714096 0.616149 0.671766 0.646447 0.695817 0.568932 0.633166 0.613666 0.622324 0.602845 0.661238 0.578431 0.674839 0.699405 0.630952 0.532659 0.578778 0.671605 0.633075 0.638796 0.567164 0.487179 0.700152 0.630769 0.645326 0.641883 0.561974 0.531726 0.531012 0.601515 0.645022 0.601408 0.622356 0.598305 0.649123 0.650771 0.546185 0.722853 0.645425 0.609881 0.610746 0.547972 0.591946 0.594684 0.636111 0.560502 0.666667 0.668246 0.672372 0.640809 0.671117 0.639456 0.768571 0.710558 0.641544 0.585551 0.663636 0.628767 0.676136 0.639535 0.628842 0.674623 0.674064 0.673575 0.588761 0.542759 0.573635 0.548046 0.701266 0.696927 0.606897 0.553809 0.553493 0.51066 0.629526 0.578624 0.683773 0.666121 0.576147 0.624837 0.67284 0.590426 0.634783 0.625387 0.651102 0.600519 0.571586 0.634881 0.633533 0.673077 0.705202 0.704942 0.641892 0.698953 0.719599 0.669456 0.648284 0.661125 0.630556 0.57554 0.60814 0.623899 0.538961 0.585739 
0.768688 0.738227 1 0.627981 0.699229 0.674383 0.76354 0.714467 0.663496 0.668874 0.652529 0.713939 0.568058 0.645433 0.624843 0.613043 0.592632 0.618462 0.494505 0.665845 0.677966 0.650253 0.569902 0.614035 0.659574 0.666667 0.583596 0.5 0.46593 0.611833 0.587762 0.663403 0.633452 0.584775 0.567961 0.564398 0.600575 0.646091 0.642091 0.638968 0.546326 0.713429 0.662216 0.526217 0.69219 0.609568 0.622793 0.630802 0.581662 0.617158 0.637913 0.613757 0.626096 0.691781 0.621824 0.701405 0.602544 0.701163 0.594551 0.758152 0.784983 0.57069 0.55516 0.632184 0.66188 0.668919 0.634796 0.666667 0.675481 0.647292 0.653465 0.62149 0.592552 0.578947 0.564598 0.697337 0.664894 0.613666 0.586327 0.584034 0.536729 0.618037 0.591765 0.68428 0.647604 0.545611 0.661673 0.630117 0.541667 0.61157 0.640762 0.649318 0.64684 0.606992 0.613445 0.72101 0.708333 0.696429 0.68232 0.656926 0.70375 0.691156 0.641434 0.652582 0.660147 0.675926 0.535473 0.665179 0.649819 0.577083 0.5792 
0.658621 0.63575 0.627981 1 0.545455 0.703276 0.558917 0.567527 0.554775 0.584665 0.68595 0.558908 0.625592 0.493599 0.508982 0.593583 0.488429 0.641075 0.666667 0.541056 0.592401 0.556561 0.413481 0.464286 0.53417 0.578561 0.60198 0.573363 0.509662 0.618794 0.630081 0.521802 0.518207 0.441734 0.444604 0.433414 0.560847 0.543333 0.508914 0.56239 0.585513 0.560284 0.582258 0.619753 0.624046 0.620424 0.637652 0.483516 0.430283 0.516871 0.477778 0.580542 0.478927 0.528782 0.664815 0.54069 0.672 0.536252 0.682828 0.602965 0.537333 0.651885 0.662818 0.597884 0.590267 0.574468 0.644401 0.560425 0.522048 0.606688 0.528719 0.489855 0.446429 0.470387 0.421546 0.548063 0.561798 0.580696 0.498638 0.45565 0.401345 0.5312 0.485437 0.574841 0.588803 0.652655 0.589286 0.601802 0.577495 0.616415 0.625678 0.530973 0.504425 0.479755 0.515625 0.592992 0.60262 0.594324 0.615126 0.498113 0.603577 0.627063 0.548077 0.55325 0.548621 0.558214 0.606911 0.511082 0.512821 0.418773 0.570565 
0.651578 0.681941 0.699229 0.545455 1 0.646707 0.830116 0.826733 0.679443 0.668387 0.597156 0.726627 0.527145 0.691315 0.649939 0.616901 0.624742 0.629851 0.475265 0.690734 0.739011 0.653941 0.612423 0.651163 0.700924 0.680723 0.637615 0.528716 0.456483 0.666199 0.592824 0.709677 0.67555 0.650507 0.603081 0.624615 0.610335 0.660881 0.67624 0.64624 0.580495 0.701405 0.70091 0.505415 0.668648 0.63024 0.59098 0.671488 0.656982 0.655431 0.684046 0.623711 0.641631 0.758929 0.593614 0.735698 0.57473 0.734091 0.56677 0.740741 0.708565 0.571667 0.513746 0.670391 0.62341 0.693421 0.629179 0.684035 0.74061 0.688546 0.811594 0.648391 0.610932 0.639727 0.635095 0.732861 0.73057 0.588988 0.582106 0.623457 0.596542 0.622739 0.642529 0.698842 0.685157 0.500832 0.627284 0.637784 0.577419 0.655496 0.622507 0.666264 0.659008 0.618257 0.642438 0.675645 0.648325 0.772727 0.721774 0.738347 0.660976 0.654305 0.692109 0.670872 0.706444 0.680412 0.55719 0.668122 0.694477 0.605102 0.595349 
0.751252 0.669935 0.674383 0.703276 0.646707 1 0.666151 0.657817 0.592339 0.607752 0.809145 0.61958 0.662132 0.577562 0.564774 0.610345 0.52619 0.666667 0.616973 0.613409 0.667224 0.580645 0.462981 0.521537 0.612772 0.597143 0.637405 0.597403 0.545035 0.680961 0.671233 0.594059 0.560709 0.531044 0.488796 0.478106 0.59727 0.634895 0.569182 0.603741 0.625969 0.610497 0.611894 0.691038 0.675875 0.700743 0.668616 0.545346 0.493063 0.5693 0.534379 0.583591 0.523691 0.600522 0.695886 0.614247 0.66474 0.609333 0.663424 0.696486 0.628088 0.695745 0.654867 0.667235 0.625 0.62381 0.649621 0.586788 0.601108 0.629057 0.611748 0.531735 0.476961 0.490524 0.485682 0.638268 0.627726 0.605223 0.545817 0.503563 0.453348 0.571429 0.528378 0.646059 0.702048 0.645435 0.620839 0.621951 0.62449 0.61526 0.632867 0.598278 0.56528 0.505995 0.53527 0.630749 0.610482 0.684466 0.679153 0.572482 0.63913 0.6704 0.62675 0.615903 0.622881 0.611455 0.616183 0.573791 0.585298 0.458824 0.613592 
0.690678 0.732316 0.76354 0.558917 0.830116 0.666151 1 0.792884 0.655952 0.661804 0.620915 0.716019 0.547273 0.689531 0.658291 0.626996 0.620653 0.639445 0.504587 0.701235 0.746818 0.646018 0.595365 0.63843 0.692308 0.663782 0.633491 0.549912 0.47417 0.663295 0.61129 0.715686 0.667458 0.636259 0.605103 0.603774 0.617266 0.659341 0.669799 0.628407 0.5952 0.703481 0.699198 0.530957 0.67638 0.659969 0.622186 0.67793 0.634799 0.647436 0.67484 0.62649 0.638858 0.744 0.60479 0.750293 0.585987 0.746217 0.577849 0.768707 0.705011 0.595855 0.529412 0.682014 0.630065 0.691475 0.649922 0.664018 0.742479 0.683862 0.733581 0.649144 0.591009 0.615308 0.6222 0.73697 0.743009 0.603947 0.597448 0.60673 0.594118 0.629482 0.624264 0.689153 0.69969 0.52069 0.63875 0.651537 0.585977 0.666207 0.643172 0.69603 0.665012 0.583245 0.615385 0.667816 0.66135 0.796424 0.727524 0.720477 0.660826 0.668937 0.698138 0.673325 0.691554 0.680795 0.563452 0.654749 0.687952 0.590198 0.612179 
0.679296 0.714096 0.714467 0.567527 0.826733 0.657817 0.792884 1 0.670494 0.666242 0.603421 0.736842 0.526678 0.680974 0.625151 0.615278 0.630612 0.644118 0.487847 0.709869 0.727642 0.63747 0.612316 0.640641 0.691781 0.688095 0.628012 0.518272 0.455497 0.66805 0.59447 0.694215 0.672394 0.634337 0.590164 0.610152 0.607438 0.662714 0.653351 0.651099 0.567073 0.693287 0.668806 0.505319 0.676428 0.631268 0.591118 0.666667 0.654596 0.648582 0.682147 0.637405 0.633758 0.732892 0.599428 0.736425 0.582701 0.733708 0.579511 0.766319 0.716172 0.572131 0.52027 0.665289 0.621859 0.667532 0.61976 0.662281 0.720418 0.681067 0.729117 0.621908 0.600212 0.649952 0.623889 0.714953 0.694373 0.599241 0.592385 0.610998 0.582303 0.631378 0.623864 0.700127 0.682422 0.509002 0.651023 0.641457 0.553968 0.654762 0.626405 0.671446 0.647551 0.637577 0.646582 0.674806 0.704492 0.811346 0.78382 0.728512 0.681928 0.670588 0.685824 0.674603 0.726415 0.664122 0.545016 0.686825 0.673635 0.590909 0.572519 
0.616162 0.616149 0.663496 0.554775 0.679443 0.592339 0.655952 0.670494 1 0.720764 0.538793 0.67511 0.495268 0.651366 0.642045 0.598965 0.669894 0.61528 0.45787 0.645414 0.635904 0.666286 0.606965 0.656844 0.712594 0.638298 0.553696 0.479389 0.412141 0.626289 0.555398 0.661111 0.62203 0.628421 0.624035 0.631021 0.626444 0.623153 0.64415 0.619718 0.538787 0.684842 0.673077 0.435981 0.623641 0.547196 0.556657 0.705141 0.628319 0.646991 0.707436 0.595948 0.640201 0.684046 0.574468 0.680896 0.549157 0.678685 0.541726 0.652015 0.696466 0.496229 0.48062 0.652118 0.645465 0.656136 0.592233 0.698446 0.657924 0.639286 0.680135 0.661863 0.61747 0.63578 0.622889 0.694169 0.669461 0.586493 0.588795 0.604831 0.609601 0.615293 0.630225 0.703571 0.638356 0.490964 0.650452 0.611473 0.547584 0.609394 0.60915 0.649438 0.653933 0.619279 0.637555 0.663522 0.649611 0.665845 0.680297 0.689176 0.636467 0.600245 0.645933 0.686631 0.708102 0.63528 0.568889 0.692543 0.666302 0.624161 0.548023 
0.650142 0.671766 0.668874 0.584665 0.668387 0.607752 0.661804 0.666242 0.720764 1 0.588525 0.720195 0.567518 0.647768 0.651133 0.62591 0.609293 0.659969 0.528545 0.643564 0.648227 0.634981 0.539286 0.613872 0.652432 0.639405 0.610143 0.518453 0.481481 0.624638 0.580906 0.65602 0.646429 0.601852 0.579781 0.593487 0.626263 0.657025 0.6393 0.635971 0.571429 0.66426 0.69571 0.489642 0.721538 0.584496 0.585484 0.621164 0.556513 0.64653 0.622863 0.60425 0.590759 0.633448 0.60961 0.641598 0.589457 0.641774 0.582931 0.680764 0.64726 0.545927 0.533095 0.688312 0.676278 0.671642 0.625197 0.651877 0.661037 0.669761 0.637267 0.621324 0.594505 0.563745 0.577551 0.668287 0.694259 0.587071 0.555814 0.578504 0.543222 0.621838 0.609209 0.692308 0.645963 0.517301 0.631579 0.63583 0.557789 0.612725 0.645066 0.636816 0.615672 0.583422 0.638554 0.62212 0.622386 0.667586 0.675451 0.624321 0.65872 0.654372 0.650667 0.654888 0.668712 0.690571 0.612903 0.648376 0.653382 0.580982 0.57717 
0.748227 0.646447 0.652529 0.68595 0.597156 0.809145 0.620915 0.603421 0.538793 0.588525 1 0.608824 0.716749 0.528384 0.513804 0.577982 0.489441 0.69505 0.685786 0.567568 0.625222 0.536321 0.429448 0.480583 0.563481 0.556391 0.613497 0.594848 0.550251 0.649635 0.67437 0.535714 0.522923 0.48615 0.453608 0.445679 0.560799 0.582192 0.510815 0.564195 0.621622 0.593614 0.572848 0.781491 0.655512 0.671968 0.658996 0.513076 0.445676 0.512579 0.515113 0.576105 0.487614 0.560876 0.671756 0.575458 0.636364 0.570629 0.636743 0.656514 0.587193 0.724138 0.673861 0.680581 0.587762 0.569748 0.64503 0.5346 0.564774 0.612745 0.565611 0.479228 0.4375 0.453596 0.435561 0.603524 0.589786 0.587662 0.506964 0.45601 0.406393 0.512315 0.479433 0.602941 0.679283 0.637615 0.573171 0.567718 0.628571 0.607573 0.620112 0.542296 0.510574 0.461827 0.511628 0.581267 0.555887 0.638079 0.618307 0.526316 0.615267 0.661017 0.595395 0.575672 0.583952 0.625205 0.612975 0.528628 0.548105 0.415951 0.58125 
0.666237 0.695817 0.713939 0.558908 0.726627 0.61958 0.716019 0.736842 0.67511 0.720195 0.608824 1 0.519417 0.676307 0.640046 0.594452 0.631268 0.645746 0.469821 0.676538 0.655484 0.665891 0.621008 0.675676 0.680175 0.668187 0.611983 0.477308 0.429508 0.619737 0.559593 0.688914 0.676923 0.627409 0.570146 0.593933 0.576671 0.669598 0.617466 0.613072 0.548341 0.693674 0.670343 0.49584 0.715278 0.574825 0.544928 0.657143 0.625673 0.616745 0.666004 0.602673 0.614913 0.712619 0.577446 0.710098 0.551724 0.71521 0.545586 0.726027 0.725159 0.556414 0.481717 0.648755 0.629052 0.639405 0.592908 0.66491 0.727475 0.665049 0.667429 0.623025 0.602041 0.614525 0.619048 0.717805 0.678877 0.586957 0.584946 0.605496 0.58364 0.626066 0.627045 0.666262 0.658263 0.492284 0.62788 0.61518 0.527736 0.604035 0.614152 0.667048 0.636156 0.616222 0.635556 0.683369 0.657984 0.709434 0.668774 0.701312 0.686275 0.657107 0.662195 0.711643 0.692655 0.660996 0.514416 0.654206 0.673719 0.616358 0.544798 
0.591633 0.568932 0.568058 0.625592 0.527145 0.662132 0.547273 0.526678 0.495268 0.567518 0.716749 0.519417 1 0.4512 0.476271 0.532091 0.409152 0.6614 0.690265 0.491722 0.57485 0.459829 0.340611 0.401575 0.478873 0.492537 0.564403 0.627397 0.598214 0.567901 0.654589 0.486885 0.45283 0.412121 0.41329 0.379679 0.521472 0.519157 0.491651 0.531568 0.584726 0.502392 0.51476 0.737003 0.688341 0.621315 0.653846 0.419703 0.372619 0.47561 0.423497 0.484517 0.417021 0.467862 0.595238 0.48068 0.609005 0.479326 0.604317 0.58034 0.479167 0.764075 0.746479 0.586912 0.536673 0.542214 0.598608 0.462222 0.496 0.543636 0.49584 0.431373 0.393768 0.39 0.378866 0.499192 0.530275 0.519856 0.432927 0.394631 0.353808 0.464351 0.426128 0.554545 0.631818 0.617647 0.494949 0.534591 0.64631 0.518304 0.572632 0.48 0.458333 0.408412 0.463259 0.468374 0.453202 0.566219 0.553191 0.440725 0.529511 0.585227 0.538462 0.494574 0.509002 0.540984 0.667532 0.441219 0.466346 0.366534 0.58134 
0.59387 0.633166 0.645433 0.493599 0.691315 0.577562 0.689531 0.680974 0.651366 0.647768 0.528384 0.676307 0.4512 1 0.820895 0.667539 0.646484 0.629834 0.448387 0.688136 0.663683 0.620092 0.585631 0.656759 0.66413 0.624434 0.581921 0.486068 0.437601 0.621904 0.548201 0.683502 0.689204 0.7322 0.711581 0.663751 0.646753 0.734745 0.768293 0.639896 0.585714 0.657489 0.673147 0.447368 0.618982 0.591413 0.558106 0.686888 0.660125 0.725146 0.701876 0.571084 0.638945 0.673684 0.567968 0.676724 0.537696 0.67666 0.534384 0.634568 0.667366 0.518349 0.47956 0.724675 0.632143 0.660934 0.557584 0.65795 0.699779 0.67148 0.6678 0.645017 0.629179 0.626272 0.652791 0.706667 0.698547 0.57006 0.599787 0.653021 0.639269 0.630435 0.635281 0.702768 0.711512 0.465649 0.606857 0.66095 0.608309 0.59125 0.600529 0.652667 0.629966 0.611984 0.654906 0.65291 0.607865 0.695761 0.651629 0.675351 0.639588 0.61063 0.646917 0.673866 0.650224 0.678313 0.561562 0.693814 0.712707 0.673114 0.585122 
0.580214 0.613666 0.624843 0.508982 0.649939 0.564774 0.658291 0.625151 0.642045 0.651133 0.513804 0.640046 0.476271 0.820895 1 0.662551 0.616785 0.608128 0.425641 0.623529 0.630522 0.625752 0.551635 0.618056 0.625989 0.644287 0.583952 0.512275 0.458763 0.614754 0.566667 0.634346 0.665533 0.681015 0.71263 0.638833 0.647619 0.726562 0.770701 0.643148 0.604511 0.649485 0.681472 0.441536 0.628613 0.595342 0.563444 0.637285 0.622468 0.737805 0.655419 0.572327 0.631966 0.639344 0.562147 0.638298 0.528443 0.637375 0.523379 0.594839 0.620915 0.510501 0.47421 0.668027 0.623603 0.650834 0.567208 0.631922 0.669346 0.628141 0.64817 0.66317 0.635504 0.590822 0.59589 0.650867 0.635904 0.58 0.590909 0.607467 0.60283 0.654477 0.633296 0.689699 0.680758 0.467742 0.602381 0.666667 0.618153 0.571242 0.604716 0.621749 0.625296 0.579858 0.635321 0.621978 0.582456 0.640156 0.626474 0.645898 0.612634 0.585271 0.676768 0.628507 0.672112 0.655346 0.55626 0.636364 0.648276 0.655656 0.597892 
0.619345 0.622324 0.613043 0.593583 0.616901 0.610345 0.626996 0.615278 0.598965 0.62591 0.577982 0.594452 0.532091 0.667539 0.662551 1 0.55102 0.635739 0.508368 0.597577 0.651563 0.595304 0.460663 0.540511 0.571979 0.602426 0.685512 0.561508 0.532632 0.616 0.620253 0.64486 0.609032 0.617021 0.625661 0.591883 0.683121 0.723147 0.69764 0.673016 0.646953 0.571802 0.657856 0.504292 0.642735 0.62931 0.6 0.571591 0.54954 0.646564 0.590126 0.5625 0.541469 0.584158 0.602329 0.604326 0.57754 0.603535 0.573741 0.616766 0.556104 0.572266 0.558704 0.671975 0.623209 0.616071 0.633333 0.568796 0.594241 0.615385 0.578378 0.573901 0.559763 0.556975 0.535519 0.598945 0.641813 0.604618 0.530818 0.541855 0.529906 0.607872 0.607417 0.669086 0.651123 0.547758 0.587995 0.646104 0.62594 0.62766 0.649837 0.572395 0.581867 0.528539 0.596078 0.56787 0.561497 0.624242 0.617378 0.547897 0.580601 0.617691 0.626277 0.602041 0.604 0.645349 0.604962 0.61715 0.619921 0.536996 0.626571 
0.553829 0.602845 0.592632 0.488429 0.624742 0.52619 0.620653 0.630612 0.669894 0.609293 0.489441 0.631268 0.409152 0.646484 0.616785 0.55102 1 0.554632 0.398374 0.637089 0.598889 0.591463 0.628897 0.635659 0.65896 0.5998 0.506053 0.426702 0.352381 0.628249 0.516605 0.654113 0.655072 0.639282 0.590551 0.662598 0.54955 0.583062 0.595949 0.558427 0.477995 0.62963 0.592986 0.38843 0.518343 0.539286 0.498159 0.694737 0.669895 0.622816 0.699381 0.582278 0.622283 0.65824 0.554007 0.661568 0.510353 0.661597 0.507353 0.623922 0.654528 0.458549 0.429708 0.626126 0.607516 0.611588 0.510843 0.634078 0.620117 0.650158 0.654 0.623145 0.6181 0.704754 0.652766 0.637525 0.628178 0.555089 0.57346 0.63986 0.670239 0.554968 0.610365 0.633298 0.562575 0.430789 0.622356 0.562785 0.478535 0.583878 0.545767 0.608609 0.592593 0.652289 0.630244 0.621825 0.644841 0.609783 0.573144 0.659498 0.635081 0.590075 0.612698 0.683908 0.676238 0.642405 0.506378 0.663603 0.628543 0.611111 0.49694 
0.63228 0.661238 0.618462 0.641075 0.629851 0.666667 0.639445 0.644118 0.61528 0.659969 0.69505 0.645746 0.6614 0.629834 0.608128 0.635739 0.554632 1 0.684932 0.618777 0.656667 0.597953 0.455172 0.529617 0.604336 0.591168 0.657795 0.642241 0.535632 0.717949 0.695906 0.599436 0.612245 0.5639 0.536313 0.517119 0.654762 0.650564 0.606583 0.622034 0.666023 0.588154 0.650546 0.680751 0.655046 0.67963 0.654369 0.554762 0.497338 0.598811 0.5716 0.572531 0.516169 0.585938 0.648841 0.597855 0.642994 0.595745 0.639535 0.71656 0.594034 0.752119 0.682819 0.736395 0.648936 0.629747 0.666038 0.55168 0.600829 0.710324 0.62 0.565401 0.51677 0.523915 0.52 0.630919 0.681677 0.588055 0.521854 0.517772 0.495071 0.585139 0.553908 0.681048 0.755102 0.613108 0.58153 0.673611 0.711382 0.640777 0.667247 0.590844 0.540773 0.5311 0.604138 0.558322 0.583333 0.693548 0.668831 0.557598 0.624277 0.661882 0.668217 0.646505 0.622535 0.632716 0.688017 0.59264 0.612725 0.491784 0.640232 
0.577465 0.578431 0.494505 0.666667 0.475265 0.616973 0.504587 0.487847 0.45787 0.528545 0.685786 0.469821 0.690265 0.448387 0.425641 0.508368 0.398374 0.684932 1 0.475793 0.53629 0.465517 0.326015 0.375165 0.44795 0.459866 0.575829 0.594444 0.595166 0.575884 0.611247 0.444628 0.437401 0.377099 0.362745 0.355316 0.481405 0.473888 0.413858 0.479424 0.545894 0.438907 0.486034 0.742236 0.553288 0.594037 0.581509 0.402174 0.336527 0.421793 0.412655 0.487132 0.394286 0.432229 0.582057 0.44704 0.633094 0.444444 0.640777 0.540076 0.448276 0.758152 0.7 0.613636 0.51444 0.482955 0.584507 0.414925 0.45 0.500917 0.451342 0.405272 0.363766 0.371069 0.357977 0.473941 0.507407 0.486339 0.41321 0.383784 0.321384 0.439114 0.394984 0.482569 0.581609 0.669377 0.471986 0.54661 0.600515 0.519455 0.542553 0.463866 0.428571 0.379781 0.42351 0.453718 0.480132 0.531008 0.53125 0.414326 0.498299 0.541109 0.512015 0.459375 0.470297 0.479779 0.592105 0.423977 0.452342 0.340909 0.542373 
0.624672 0.674839 0.665845 0.541056 0.690734 0.613409 0.701235 0.709869 0.645414 0.643564 0.567568 0.676538 0.491722 0.688136 0.623529 0.597577 0.637089 0.618777 0.475793 1 0.802891 0.624852 0.561224 0.610568 0.670745 0.645423 0.60262 0.5072 0.446309 0.660858 0.593472 0.75977 0.699777 0.636957 0.584949 0.615079 0.610147 0.632992 0.623279 0.63249 0.568483 0.665163 0.642145 0.482112 0.623229 0.60485 0.591716 0.629371 0.614545 0.646283 0.634073 0.624227 0.630052 0.680301 0.602493 0.681367 0.583578 0.682366 0.57164 0.679341 0.682403 0.556082 0.530081 0.667557 0.627595 0.633039 0.606368 0.64492 0.692655 0.696296 0.664344 0.629587 0.583851 0.633962 0.61583 0.681456 0.700621 0.625307 0.60262 0.640796 0.597765 0.605948 0.61794 0.674074 0.65 0.504732 0.628806 0.598372 0.551302 0.623877 0.616327 0.675581 0.643023 0.610833 0.630926 0.630952 0.644419 0.68886 0.660232 0.662231 0.664713 0.638325 0.688586 0.653039 0.673938 0.669963 0.545736 0.657534 0.664027 0.591313 0.556047 
0.654021 0.699405 0.677966 0.592401 0.739011 0.667224 0.746818 0.727642 0.635904 0.648227 0.625222 0.655484 0.57485 0.663683 0.630522 0.651563 0.598889 0.656667 0.53629 0.802891 1 0.623989 0.525629 0.589772 0.654523 0.643421 0.674658 0.56705 0.507099 0.693624 0.67951 0.804433 0.68348 0.600979 0.578811 0.596685 0.643963 0.650957 0.642241 0.66358 0.612847 0.66199 0.683834 0.547521 0.674959 0.680602 0.663176 0.619154 0.591775 0.640219 0.627672 0.633144 0.613689 0.691283 0.654281 0.708955 0.647668 0.703704 0.635889 0.725947 0.658625 0.639623 0.611328 0.705882 0.628492 0.666667 0.676871 0.643029 0.689258 0.698727 0.689974 0.612484 0.565469 0.574713 0.56806 0.697165 0.717949 0.620253 0.586716 0.593126 0.554068 0.603693 0.59875 0.683168 0.721943 0.574388 0.6498 0.682965 0.614545 0.653846 0.658228 0.65786 0.652576 0.565996 0.591315 0.63581 0.646214 0.764012 0.700297 0.646453 0.648 0.661314 0.702703 0.650873 0.684896 0.660057 0.612546 0.656028 0.660691 0.584615 0.664348 
0.604307 0.630952 0.650253 0.556561 0.653941 0.580645 0.646018 0.63747 0.666286 0.634981 0.536321 0.665891 0.459829 0.620092 0.625752 0.595304 0.591463 0.597953 0.465517 0.624852 0.623989 1 0.622299 0.647059 0.696591 0.64455 0.591317 0.511551 0.440208 0.636864 0.566412 0.632197 0.627138 0.574917 0.573427 0.604651 0.634247 0.604194 0.596154 0.605191 0.606061 0.633641 0.648787 0.441901 0.614265 0.568915 0.554033 0.606925 0.575393 0.625767 0.618705 0.592405 0.607822 0.638462 0.584637 0.635135 0.565611 0.63311 0.559271 0.628571 0.640745 0.514658 0.489933 0.649315 0.6175 0.647287 0.599702 0.627729 0.655889 0.627054 0.64133 0.615475 0.587117 0.606148 0.573255 0.652326 0.647583 0.581132 0.575251 0.564909 0.559242 0.629442 0.632353 0.647282 0.619677 0.505691 0.646707 0.644847 0.564669 0.611842 0.624302 0.619501 0.59453 0.591002 0.626298 0.636464 0.628235 0.643045 0.659631 0.631524 0.622302 0.59948 0.6277 0.633183 0.644366 0.610127 0.538339 0.611828 0.631214 0.593561 0.559939 
0.50838 0.532659 0.569902 0.413481 0.612423 0.462981 0.595365 0.612316 0.606965 0.539286 0.429448 0.621008 0.340611 0.585631 0.551635 0.460663 0.628897 0.455172 0.326015 0.561224 0.525629 0.622299 1 0.637181 0.639141 0.554894 0.45045 0.36286 0.306167 0.491493 0.41785 0.594755 0.596854 0.556818 0.531539 0.618939 0.462771 0.508227 0.525653 0.493885 0.414733 0.597164 0.550269 0.325918 0.492141 0.437315 0.413968 0.648896 0.663598 0.538394 0.648006 0.508475 0.602976 0.653505 0.452611 0.639869 0.425553 0.643265 0.419616 0.551317 0.641479 0.372487 0.357066 0.497644 0.533157 0.577376 0.453639 0.635124 0.612364 0.536542 0.59335 0.574324 0.593114 0.66035 0.606083 0.611251 0.54342 0.507993 0.535831 0.602885 0.61039 0.529937 0.583539 0.55615 0.467391 0.360465 0.562607 0.496663 0.392746 0.505958 0.48042 0.582765 0.563993 0.60275 0.571786 0.592233 0.57155 0.556267 0.538108 0.65865 0.577682 0.544545 0.533095 0.595727 0.602705 0.535236 0.390805 0.628866 0.585284 0.600755 0.416162 
0.556522 0.578778 0.614035 0.464286 0.651163 0.521537 0.63843 0.640641 0.656844 0.613872 0.480583 0.675676 0.401575 0.656759 0.618056 0.540511 0.635659 0.529617 0.375165 0.610568 0.589772 0.647059 0.637181 1 0.763482 0.627816 0.508876 0.422733 0.362069 0.558628 0.486779 0.645914 0.649905 0.618738 0.570048 0.638937 0.551268 0.6 0.595611 0.556656 0.518519 0.637321 0.638542 0.383893 0.542824 0.511059 0.479616 0.691113 0.646264 0.610887 0.726957 0.54395 0.636687 0.676173 0.513636 0.665728 0.479762 0.664799 0.476647 0.608237 0.677982 0.452592 0.411384 0.627343 0.596725 0.590957 0.517079 0.686185 0.658677 0.618802 0.642787 0.617476 0.630783 0.63711 0.633166 0.672131 0.610592 0.540123 0.580074 0.635426 0.651786 0.585492 0.630537 0.633264 0.551282 0.409091 0.594862 0.55419 0.484587 0.561366 0.534155 0.612967 0.59332 0.625974 0.632184 0.668207 0.602726 0.624068 0.574332 0.680176 0.609298 0.569767 0.61722 0.65381 0.640428 0.610134 0.460772 0.679313 0.651631 0.621691 0.486842 
0.623588 0.671605 0.659574 0.53417 0.700924 0.612772 0.692308 0.691781 0.712594 0.652432 0.563481 0.680175 0.478873 0.66413 0.625989 0.571979 0.65896 0.604336 0.44795 0.670745 0.654523 0.696591 0.639141 0.763482 1 0.658129 0.581717 0.484848 0.418384 0.636364 0.561354 0.667403 0.655209 0.631414 0.574561 0.633749 0.594388 0.636475 0.603118 0.597964 0.543417 0.672451 0.664277 0.459807 0.624831 0.580163 0.552743 0.690154 0.603524 0.626007 0.70594 0.601896 0.634 0.685685 0.582563 0.691083 0.556485 0.691983 0.550562 0.699029 0.701138 0.535928 0.486154 0.677296 0.619438 0.694444 0.586777 0.703093 0.675 0.652071 0.689732 0.628445 0.61039 0.67032 0.607843 0.718818 0.665476 0.59364 0.594111 0.617308 0.603246 0.615202 0.63113 0.669823 0.619048 0.484305 0.656918 0.599741 0.542151 0.619165 0.612987 0.654749 0.626816 0.621124 0.655809 0.67049 0.653761 0.702206 0.650246 0.66996 0.670045 0.650061 0.65874 0.675532 0.716336 0.625592 0.508824 0.685976 0.676823 0.593511 0.532959 
0.626807 0.633075 0.666667 0.578561 0.680723 0.597143 0.663782 0.688095 0.638298 0.639405 0.556391 0.668187 0.492537 0.624434 0.644287 0.602426 0.5998 0.591168 0.459866 0.645423 0.643421 0.64455 0.554894 0.627816 0.658129 1 0.599125 0.516026 0.465546 0.61745 0.58841 0.678941 0.675978 0.62568 0.610731 0.612711 0.614973 0.608195 0.602757 0.594667 0.569322 0.679458 0.630462 0.460751 0.605674 0.64 0.588148 0.633 0.593267 0.619448 0.641776 0.601485 0.647303 0.667026 0.618585 0.666667 0.591777 0.672149 0.58284 0.647208 0.632653 0.541139 0.503257 0.621658 0.677262 0.617424 0.585507 0.655246 0.662896 0.639061 0.652326 0.607348 0.57513 0.622285 0.602899 0.686788 0.661692 0.640836 0.605464 0.61753 0.607642 0.619107 0.63969 0.635352 0.608011 0.529226 0.644783 0.589674 0.53681 0.61054 0.637602 0.692666 0.668219 0.59739 0.618079 0.672806 0.612903 0.662821 0.641753 0.677254 0.652582 0.628971 0.673292 0.681416 0.678161 0.611386 0.523292 0.640295 0.642129 0.583004 0.545052 
0.601709 0.638796 0.583596 0.60198 0.637615 0.637405 0.633491 0.628012 0.553696 0.610143 0.613497 0.611983 0.564403 0.581921 0.583952 0.685512 0.506053 0.657795 0.575829 0.60262 0.674658 0.591317 0.45045 0.508876 0.581717 0.599125 1 0.622768 0.582339 0.664323 0.653924 0.59596 0.636996 0.539704 0.531429 0.510229 0.622378 0.664463 0.599678 0.623693 0.663347 0.559155 0.6016 0.578049 0.708885 0.666031 0.633267 0.508495 0.495125 0.567732 0.515337 0.537975 0.501269 0.558511 0.607339 0.569863 0.613861 0.566576 0.61 0.635621 0.569536 0.629386 0.618721 0.638112 0.588785 0.62013 0.653696 0.555409 0.588983 0.624013 0.596491 0.56259 0.503169 0.497169 0.521537 0.605413 0.636943 0.55102 0.493911 0.516908 0.468227 0.634921 0.577135 0.584518 0.667304 0.579869 0.545052 0.683929 0.657563 0.599668 0.636201 0.582723 0.537335 0.482927 0.557123 0.522088 0.550578 0.662252 0.658333 0.54625 0.566568 0.608838 0.63911 0.565934 0.602305 0.602848 0.632479 0.55829 0.565771 0.501196 0.698603 
0.527725 0.567164 0.5 0.573363 0.528716 0.597403 0.549912 0.518272 0.479389 0.518453 0.594848 0.477308 0.627397 0.486068 0.512275 0.561508 0.426702 0.642241 0.594444 0.5072 0.56705 0.511551 0.36286 0.422733 0.484848 0.516026 0.622768 1 0.773109 0.599606 0.625287 0.492868 0.490107 0.443466 0.452978 0.425228 0.552941 0.541436 0.517857 0.5625 0.611364 0.483025 0.538188 0.617816 0.623126 0.595238 0.604119 0.427822 0.380952 0.529412 0.446215 0.526316 0.460055 0.469565 0.563147 0.48503 0.598194 0.480712 0.609589 0.543636 0.47619 0.652284 0.659574 0.6 0.534483 0.557762 0.630531 0.465517 0.503096 0.551664 0.504823 0.477093 0.427785 0.403167 0.401506 0.501562 0.538869 0.511304 0.451994 0.415144 0.380838 0.52993 0.487952 0.558669 0.605206 0.625316 0.500813 0.556225 0.625604 0.544444 0.622984 0.486312 0.483092 0.424802 0.497682 0.451095 0.465079 0.568266 0.568773 0.449865 0.483713 0.520947 0.557319 0.492492 0.5 0.517544 0.674877 0.446479 0.488372 0.412145 0.601367 
0.479757 0.487179 0.46593 0.509662 0.456483 0.545035 0.47417 0.455497 0.412141 0.481481 0.550251 0.429508 0.598214 0.437601 0.458763 0.532632 0.352381 0.535632 0.595166 0.446309 0.507099 0.440208 0.306167 0.362069 0.418384 0.465546 0.582339 0.773109 1 0.520921 0.596059 0.430233 0.429936 0.415644 0.428571 0.375676 0.536383 0.527237 0.483992 0.515528 0.591241 0.41357 0.486891 0.583072 0.559361 0.572748 0.590686 0.366985 0.329327 0.485866 0.389503 0.486137 0.420373 0.393343 0.517621 0.405321 0.55314 0.40155 0.552567 0.451056 0.40512 0.6 0.619597 0.534304 0.484574 0.48 0.553191 0.388306 0.437601 0.45941 0.436762 0.425497 0.369628 0.349747 0.356771 0.438625 0.480447 0.503663 0.441358 0.386703 0.353598 0.506494 0.43622 0.47786 0.569444 0.617486 0.43686 0.547974 0.657143 0.455969 0.541756 0.451014 0.425676 0.399177 0.451456 0.39939 0.389351 0.489279 0.491159 0.38787 0.422222 0.467308 0.496283 0.417582 0.454395 0.487985 0.591512 0.387665 0.418831 0.35302 0.6 
0.638199 0.700152 0.611833 0.618794 0.666199 0.680961 0.663295 0.66805 0.626289 0.624638 0.649635 0.619737 0.567901 0.621904 0.614754 0.616 0.628249 0.717949 0.575884 0.660858 0.693624 0.636864 0.491493 0.558628 0.636364 0.61745 0.664323 0.599606 0.520921 1 0.705036 0.62367 0.647815 0.587282 0.54809 0.541573 0.66561 0.652108 0.60793 0.63981 0.645276 0.613784 0.662281 0.567164 0.644558 0.692967 0.650538 0.593431 0.528513 0.608939 0.577803 0.599132 0.550177 0.638718 0.67053 0.646388 0.636525 0.645283 0.629696 0.694486 0.625307 0.64466 0.597585 0.70206 0.616262 0.666667 0.642234 0.588739 0.64146 0.690751 0.685061 0.615385 0.534198 0.579618 0.550109 0.675427 0.684134 0.593391 0.556391 0.594138 0.535565 0.624093 0.601274 0.65896 0.701031 0.600775 0.600543 0.676898 0.661682 0.639939 0.63047 0.632075 0.58221 0.552901 0.606771 0.626551 0.621838 0.719457 0.688923 0.623981 0.628571 0.656716 0.718023 0.64676 0.697211 0.619392 0.618596 0.592058 0.626632 0.539665 0.641071 
0.627622 0.630769 0.587762 0.630081 0.592824 0.671233 0.61129 0.59447 0.555398 0.580906 0.67437 0.559593 0.654589 0.548201 0.566667 0.620253 0.516605 0.695906 0.611247 0.593472 0.67951 0.566412 0.41785 0.486779 0.561354 0.58841 0.653924 0.625287 0.596059 0.705036 1 0.576471 0.573654 0.519178 0.49345 0.469438 0.642218 0.609797 0.553366 0.593583 0.680982 0.550933 0.616013 0.634761 0.624031 0.729941 0.695473 0.508015 0.464835 0.555901 0.495012 0.568659 0.503226 0.552097 0.661654 0.566248 0.666667 0.562932 0.661191 0.622705 0.551213 0.722348 0.656471 0.644007 0.604134 0.613599 0.616766 0.527517 0.569784 0.651613 0.611028 0.52346 0.471649 0.477012 0.483452 0.592163 0.652032 0.584936 0.519284 0.527607 0.450226 0.575365 0.518934 0.590323 0.696078 0.646396 0.590361 0.636197 0.682505 0.575552 0.649541 0.586567 0.529851 0.482032 0.537356 0.555858 0.552283 0.639594 0.611584 0.54892 0.58371 0.623746 0.62987 0.576224 0.610866 0.552504 0.643956 0.519104 0.564842 0.473876 0.686475 
0.597656 0.645326 0.663403 0.521802 0.709677 0.594059 0.715686 0.694215 0.661111 0.65602 0.535714 0.688914 0.486885 0.683502 0.634346 0.64486 0.654113 0.599436 0.444628 0.75977 0.804433 0.632197 0.594755 0.645914 0.667403 0.678941 0.59596 0.492868 0.430233 0.62367 0.576471 1 0.725055 0.651188 0.611552 0.653846 0.592053 0.633249 0.657143 0.619551 0.545985 0.681971 0.674505 0.445194 0.627809 0.611033 0.57478 0.665343 0.635624 0.644048 0.672345 0.618405 0.644696 0.704813 0.592033 0.710843 0.56686 0.713819 0.559297 0.669182 0.683369 0.535211 0.505636 0.638411 0.652121 0.638298 0.592539 0.667375 0.693603 0.671569 0.678201 0.648064 0.604938 0.646341 0.660269 0.689266 0.711467 0.615854 0.614967 0.67458 0.631481 0.613776 0.635864 0.680147 0.621813 0.484375 0.637209 0.597577 0.531108 0.64586 0.630229 0.698614 0.69746 0.607178 0.628924 0.654839 0.641143 0.689962 0.644955 0.671414 0.642608 0.620907 0.708128 0.660812 0.676169 0.64908 0.534562 0.66178 0.662921 0.60844 0.586257 
0.583123 0.641883 0.633452 0.518207 0.67555 0.560709 0.667458 0.672394 0.62203 0.646429 0.522923 0.676923 0.45283 0.689204 0.665533 0.609032 0.655072 0.612245 0.437401 0.699777 0.68348 0.627138 0.596854 0.649905 0.655209 0.675978 0.636996 0.490107 0.429936 0.647815 0.573654 0.725055 1 0.659664 0.620462 0.633654 0.599232 0.675676 0.66787 0.62069 0.554149 0.651795 0.653477 0.432956 0.612466 0.594816 0.563559 0.64666 0.635159 0.635104 0.655273 0.611177 0.625878 0.679501 0.590186 0.676251 0.565826 0.678307 0.561354 0.658952 0.66805 0.532331 0.497682 0.642766 0.634548 0.64 0.589212 0.668046 0.682661 0.68171 0.68757 0.651549 0.622244 0.658425 0.691948 0.69045 0.691756 0.593381 0.581224 0.701061 0.665461 0.613826 0.652406 0.64133 0.596995 0.477477 0.613995 0.602081 0.543066 0.600493 0.611473 0.684978 0.64574 0.629738 0.659041 0.646443 0.6404 0.658057 0.631644 0.682854 0.646328 0.628049 0.662291 0.648879 0.687708 0.624257 0.528804 0.673802 0.682314 0.626794 0.585916 
0.552567 0.561974 0.584775 0.441734 0.650507 0.531044 0.636259 0.634337 0.628421 0.601852 0.48615 0.627409 0.412121 0.7322 0.681015 0.617021 0.639282 0.5639 0.377099 0.636957 0.600979 0.574917 0.556818 0.618738 0.631414 0.62568 0.539704 0.443466 0.415644 0.587282 0.519178 0.651188 0.659664 1 0.808146 0.660714 0.649689 0.761337 0.700585 0.614622 0.590476 0.630965 0.621212 0.40902 0.549869 0.55218 0.506831 0.642384 0.615052 0.634831 0.646947 0.53526 0.60333 0.629442 0.501285 0.636552 0.466125 0.638803 0.461119 0.576331 0.635628 0.474601 0.448584 0.64472 0.595429 0.570082 0.507363 0.625631 0.642933 0.621247 0.635769 0.615302 0.613503 0.628136 0.668498 0.637433 0.649245 0.563218 0.574074 0.659755 0.652212 0.61066 0.61731 0.627021 0.603175 0.421739 0.58022 0.616646 0.574048 0.54491 0.539823 0.618996 0.60917 0.607787 0.636943 0.606122 0.56973 0.610514 0.582233 0.630203 0.60176 0.57346 0.635731 0.652445 0.656958 0.650867 0.540656 0.633831 0.656383 0.583723 0.550409 
0.513548 0.531726 0.567961 0.444604 0.603081 0.488796 0.605103 0.590164 0.624035 0.579781 0.453608 0.570146 0.41329 0.711581 0.71263 0.625661 0.590551 0.536313 0.362745 0.584949 0.578811 0.573427 0.531539 0.570048 0.574561 0.610731 0.531429 0.452978 0.428571 0.54809 0.49345 0.611552 0.620462 0.808146 1 0.622919 0.632546 0.669182 0.748768 0.633508 0.552023 0.605556 0.62454 0.376667 0.546592 0.537815 0.518142 0.604536 0.598383 0.671783 0.608955 0.546229 0.596115 0.600849 0.495238 0.608696 0.460432 0.607991 0.457971 0.562344 0.578836 0.448916 0.421975 0.60105 0.594952 0.588089 0.5 0.593882 0.610245 0.585662 0.600686 0.650847 0.617977 0.574091 0.599619 0.602018 0.596577 0.568319 0.570506 0.588409 0.608096 0.62439 0.623362 0.623329 0.58345 0.409583 0.566321 0.617333 0.575075 0.561869 0.529412 0.611684 0.613975 0.583168 0.612903 0.574173 0.553288 0.595718 0.582278 0.59798 0.569284 0.543071 0.616606 0.617647 0.625566 0.596107 0.509119 0.622661 0.630992 0.609162 0.564399 
0.5 0.531012 0.564398 0.433414 0.624615 0.478106 0.603774 0.610152 0.631021 0.593487 0.445679 0.593933 0.379679 0.663751 0.638833 0.591883 0.662598 0.517119 0.355316 0.615079 0.596685 0.604651 0.618939 0.638937 0.633749 0.612711 0.510229 0.425228 0.375676 0.541573 0.469438 0.653846 0.633654 0.660714 0.622919 1 0.631579 0.631749 0.637328 0.576536 0.493317 0.616877 0.603594 0.361149 0.502353 0.501775 0.463415 0.70917 0.681672 0.642127 0.712148 0.537251 0.61587 0.659832 0.491917 0.649857 0.457627 0.656575 0.451888 0.559486 0.616171 0.43758 0.42556 0.611422 0.608515 0.585912 0.512575 0.618165 0.619048 0.595388 0.60199 0.601378 0.627027 0.670266 0.637288 0.621701 0.595364 0.559499 0.581132 0.641427 0.657635 0.559411 0.623687 0.631027 0.553318 0.392031 0.576152 0.569807 0.496863 0.559047 0.525597 0.582669 0.592629 0.605609 0.597087 0.606742 0.562685 0.579459 0.562432 0.636931 0.567703 0.545064 0.601053 0.657769 0.617734 0.648479 0.470215 0.646844 0.623541 0.625756 0.504866 
0.590417 0.601515 0.600575 0.560847 0.610335 0.59727 0.617266 0.607438 0.626444 0.626263 0.560799 0.576671 0.521472 0.646753 0.647619 0.683121 0.54955 0.654762 0.481405 0.610147 0.643963 0.634247 0.462771 0.551268 0.594388 0.614973 0.622378 0.552941 0.536383 0.66561 0.642218 0.592053 0.599232 0.649689 0.632546 0.631579 1 0.733133 0.703216 0.699686 0.70922 0.569948 0.676856 0.487288 0.624366 0.651877 0.622103 0.553047 0.520812 0.634214 0.566705 0.559078 0.557647 0.561425 0.630972 0.575758 0.597884 0.572682 0.588968 0.602374 0.55202 0.57529 0.528 0.656151 0.605114 0.644543 0.602431 0.556098 0.588312 0.604317 0.591153 0.593131 0.564042 0.531217 0.528773 0.600785 0.636232 0.572246 0.541823 0.529213 0.509906 0.625723 0.583756 0.651799 0.711111 0.533719 0.571042 0.686495 0.678439 0.597892 0.624194 0.598658 0.550336 0.535147 0.597925 0.566131 0.558355 0.641141 0.611782 0.541763 0.560976 0.591382 0.63097 0.592405 0.607143 0.615274 0.656604 0.569544 0.604681 0.551225 0.637655 
0.636765 0.645022 0.646091 0.543333 0.660881 0.634895 0.659341 0.662714 0.623153 0.657025 0.582192 0.669598 0.519157 0.734745 0.726562 0.723147 0.583062 0.650564 0.473888 0.632992 0.650957 0.604194 0.508227 0.6 0.636475 0.608195 0.664463 0.541436 0.527237 0.652108 0.609797 0.633249 0.675676 0.761337 0.669182 0.631749 0.733133 1 0.747559 0.660688 0.675042 0.626087 0.670833 0.504951 0.649038 0.642973 0.592593 0.609358 0.561886 0.680851 0.626374 0.574966 0.562854 0.61157 0.576563 0.620606 0.56 0.618532 0.559664 0.661952 0.62 0.577132 0.521576 0.709145 0.621438 0.628692 0.62069 0.579132 0.630137 0.645604 0.643132 0.6 0.58371 0.572597 0.585954 0.656211 0.661134 0.580601 0.539568 0.585049 0.574597 0.644138 0.621194 0.671703 0.694175 0.538043 0.591969 0.699237 0.658494 0.583931 0.627871 0.616967 0.578406 0.585792 0.646766 0.60095 0.58831 0.685265 0.630216 0.602235 0.639429 0.643059 0.664365 0.648846 0.656527 0.676754 0.639432 0.640138 0.648379 0.558539 0.63255 
0.581062 0.601408 0.642091 0.508914 0.67624 0.569182 0.669799 0.653351 0.64415 0.6393 0.510815 0.617466 0.491651 0.768293 0.770701 0.69764 0.595949 0.606583 0.413858 0.623279 0.642241 0.596154 0.525653 0.595611 0.603118 0.602757 0.599678 0.517857 0.483992 0.60793 0.553366 0.657143 0.66787 0.700585 0.748768 0.637328 0.703216 0.747559 1 0.708455 0.618892 0.616788 0.691995 0.438697 0.639626 0.606918 0.576105 0.633547 0.602899 0.73212 0.666667 0.580645 0.606667 0.627315 0.578387 0.640143 0.546191 0.629717 0.54085 0.631215 0.597463 0.515845 0.501818 0.671053 0.622016 0.663462 0.58147 0.611494 0.658537 0.612081 0.648241 0.659232 0.621532 0.580905 0.601442 0.641278 0.640541 0.586115 0.578143 0.614894 0.59663 0.638814 0.626492 0.675168 0.651968 0.490334 0.575412 0.709821 0.644558 0.595238 0.583582 0.620126 0.637736 0.596566 0.640682 0.591385 0.584577 0.660615 0.639045 0.622807 0.602792 0.591978 0.645074 0.616667 0.636476 0.641129 0.57069 0.645928 0.65812 0.612869 0.632953 
0.597843 0.622356 0.638968 0.56239 0.64624 0.603741 0.628407 0.651099 0.619718 0.635971 0.564195 0.613072 0.531568 0.639896 0.643148 0.673016 0.558427 0.622034 0.479424 0.63249 0.66358 0.605191 0.493885 0.556656 0.597964 0.594667 0.623693 0.5625 0.515528 0.63981 0.593583 0.619551 0.62069 0.614622 0.633508 0.576536 0.699686 0.660688 0.708455 1 0.674912 0.573643 0.647315 0.483122 0.659359 0.603741 0.623446 0.568694 0.531915 0.650485 0.58248 0.581897 0.564554 0.588235 0.614121 0.599496 0.59051 0.59625 0.585106 0.62574 0.56044 0.546154 0.537849 0.693396 0.596317 0.632353 0.638408 0.597324 0.595855 0.637016 0.608289 0.623188 0.583822 0.527983 0.537378 0.610966 0.625723 0.592011 0.523039 0.559417 0.541103 0.621037 0.593671 0.654232 0.645656 0.539347 0.573549 0.655449 0.596296 0.629129 0.630225 0.576975 0.586345 0.558824 0.620957 0.569667 0.564815 0.634731 0.618976 0.55787 0.590541 0.611852 0.61039 0.597222 0.614776 0.647988 0.633459 0.613636 0.616083 0.563333 0.628319 
