1 0.751857 0.768688 0.658621 0.651578 0.751252 0.690678 0.679296 0.617721 0.648305 0.748227 0.666237 0.591633 0.591603 0.580559 0.619938 0.550773 0.635158 0.577465 0.624672 0.654021 0.604307 0.512195 0.556522 0.623588 0.627632 0.601709 0.527725 0.479757 0.638199 0.627622 0.597656 0.583123 0.553374 0.513548 0.498899 0.590769 0.637026 0.580599 0.599071 0.565972 0.634395 0.623932 0.614433 0.652318 0.641667 0.597561 0.57127 0.522044 0.574728 0.579418 0.618105 0.552204 0.637243 0.646774 0.642236 0.614964 0.639951 0.605893 0.752547 0.771635 0.612053 0.585603 0.655436 0.631215 0.6411 0.636672 0.603593 0.627075 0.635593 0.620553 0.548052 0.506912 0.520877 0.504283 0.707851 0.634424 0.63764 0.571956 0.532669 0.472222 0.590327 0.554307 0.652542 0.622074 0.578947 0.642287 0.61442 0.561372 0.630724 0.64613 0.616095 0.578393 0.720195 0.657106 0.687776 0.682963 0.629714 0.529609 0.580357 0.693742 0.70219 0.653409 0.636704 0.633766 0.655319 0.550645 0.61013 0.612532 0.491749 0.565972 
0.751857 1 0.738227 0.63575 0.681941 0.669935 0.732316 0.714096 0.616438 0.672677 0.646447 0.695817 0.568932 0.63204 0.612565 0.622901 0.599565 0.659091 0.578431 0.674839 0.699405 0.630952 0.536608 0.578778 0.671605 0.6326 0.638796 0.567164 0.487179 0.700152 0.630769 0.645326 0.641883 0.56401 0.531726 0.529859 0.600302 0.640916 0.598039 0.623672 0.59253 0.649123 0.648951 0.546185 0.722853 0.646003 0.609881 0.610318 0.547972 0.591455 0.592062 0.636111 0.561143 0.666667 0.668246 0.672372 0.602496 0.671117 0.600719 0.768571 0.708876 0.641544 0.58444 0.662162 0.626866 0.676136 0.639535 0.627358 0.674623 0.674064 0.673575 0.588761 0.540295 0.573635 0.548046 0.701266 0.696927 0.606897 0.554479 0.553493 0.51066 0.629888 0.578624 0.683773 0.666121 0.576147 0.624837 0.672811 0.592593 0.634783 0.625387 0.651102 0.599741 0.633533 0.673077 0.705202 0.704942 0.640766 0.571586 0.634881 0.698953 0.719198 0.669456 0.649877 0.660281 0.632312 0.57554 0.606729 0.623899 0.54013 0.585739 
0.768688 0.738227 1 0.627981 0.699229 0.674383 0.76354 0.714467 0.663886 0.669749 0.652529 0.713939 0.568058 0.643114 0.6225 0.615051 0.589529 0.622699 0.494505 0.665845 0.677966 0.650253 0.573991 0.614035 0.659574 0.667491 0.583596 0.5 0.46593 0.611833 0.587762 0.663403 0.633452 0.585648 0.567961 0.563218 0.600858 0.643537 0.641333 0.640288 0.5456 0.713429 0.660453 0.526217 0.69219 0.610169 0.624398 0.631468 0.581662 0.614013 0.635207 0.613757 0.626784 0.691781 0.621824 0.701405 0.561139 0.701163 0.550676 0.758152 0.783201 0.57069 0.554174 0.636752 0.658473 0.668919 0.634796 0.665158 0.675481 0.645971 0.653465 0.62149 0.589967 0.578947 0.564598 0.697337 0.664894 0.613666 0.587007 0.584034 0.536729 0.618351 0.591765 0.68428 0.647604 0.545611 0.661673 0.627365 0.542289 0.61157 0.640762 0.649318 0.64604 0.72101 0.708333 0.696429 0.68232 0.656926 0.606992 0.613445 0.70375 0.690736 0.641434 0.650588 0.659341 0.677719 0.535473 0.663697 0.649819 0.578288 0.5792 
0.658621 0.63575 0.627981 1 0.545455 0.703276 0.558917 0.567527 0.556338 0.582803 0.68595 0.558908 0.625592 0.491501 0.505216 0.592527 0.485472 0.640535 0.666667 0.541056 0.592401 0.556561 0.416836 0.464286 0.53417 0.579412 0.60198 0.573363 0.509662 0.618794 0.630081 0.521802 0.518207 0.443537 0.444604 0.432367 0.557895 0.539604 0.505636 0.565371 0.584677 0.560284 0.580386 0.619753 0.624046 0.621154 0.637652 0.484108 0.430283 0.513719 0.47543 0.580542 0.47954 0.528782 0.664815 0.54069 0.690171 0.536252 0.684665 0.602965 0.535904 0.651885 0.663594 0.591623 0.583851 0.574468 0.644401 0.55894 0.522048 0.606688 0.528719 0.489855 0.444162 0.470387 0.421546 0.548063 0.561798 0.580696 0.499318 0.45565 0.401345 0.5313 0.485437 0.574841 0.588803 0.652655 0.589286 0.598566 0.580169 0.616415 0.625678 0.530973 0.503682 0.592992 0.60262 0.594324 0.615126 0.498113 0.479755 0.515625 0.603577 0.628099 0.548077 0.554785 0.547826 0.56 0.606911 0.509753 0.512821 0.419783 0.570565 
0.651578 0.681941 0.699229 0.545455 1 0.646707 0.830116 0.826733 0.678696 0.671815 0.597156 0.726627 0.527145 0.690058 0.64878 0.61744 0.622564 0.630952 0.475265 0.690734 0.739011 0.653941 0.61674 0.651163 0.700924 0.680338 0.637615 0.528716 0.456483 0.666199 0.592824 0.709677 0.67555 0.651584 0.603081 0.623337 0.611961 0.660927 0.675325 0.643357 0.578295 0.701405 0.700389 0.505415 0.668648 0.632287 0.592535 0.673216 0.656982 0.654658 0.683281 0.623711 0.640172 0.758929 0.593614 0.735698 0.504052 0.734091 0.495098 0.740741 0.706992 0.571667 0.512864 0.67313 0.620429 0.693421 0.629179 0.682522 0.74061 0.687259 0.811594 0.648391 0.609392 0.639727 0.635095 0.732861 0.73057 0.588988 0.582766 0.623457 0.596542 0.620466 0.642529 0.698842 0.685157 0.500832 0.627284 0.639321 0.581059 0.655496 0.622507 0.666264 0.65942 0.675645 0.648325 0.772727 0.721774 0.738347 0.618257 0.642438 0.660976 0.65252 0.692109 0.670115 0.705602 0.682171 0.55719 0.668845 0.694477 0.606339 0.595349 
0.751252 0.669935 0.674383 0.703276 0.646707 1 0.666151 0.657817 0.593964 0.605873 0.809145 0.61958 0.662132 0.575172 0.562319 0.611015 0.523077 0.666052 0.616973 0.613409 0.667224 0.580645 0.466667 0.521537 0.612772 0.597997 0.637405 0.597403 0.545035 0.680961 0.671233 0.594059 0.560709 0.533157 0.488796 0.476978 0.594227 0.6304 0.565625 0.6 0.625243 0.610497 0.609984 0.691038 0.675875 0.699443 0.668616 0.545998 0.493063 0.565926 0.531813 0.583591 0.524345 0.600522 0.695886 0.614247 0.669405 0.609333 0.672199 0.696486 0.626459 0.695745 0.653422 0.660473 0.618401 0.62381 0.649621 0.585271 0.601108 0.627512 0.611748 0.531735 0.474597 0.490524 0.485682 0.638268 0.627726 0.605223 0.546543 0.503563 0.453348 0.573209 0.528378 0.646059 0.702048 0.645435 0.620839 0.618717 0.62069 0.61526 0.632867 0.598278 0.565903 0.630749 0.610482 0.684466 0.679153 0.572482 0.505995 0.53527 0.63913 0.671474 0.62675 0.617568 0.624824 0.613354 0.616183 0.572335 0.585298 0.459906 0.613592 
0.690678 0.732316 0.76354 0.558917 0.830116 0.666151 1 0.792884 0.656325 0.664021 0.620915 0.716019 0.547273 0.688249 0.657071 0.627536 0.6174 0.639017 0.504587 0.701235 0.746818 0.646018 0.599641 0.63843 0.692308 0.663366 0.633491 0.549912 0.47417 0.663295 0.61129 0.715686 0.667458 0.63847 0.605103 0.60251 0.617478 0.660763 0.667557 0.629683 0.594551 0.703481 0.697333 0.530957 0.67638 0.658951 0.622186 0.678647 0.634799 0.646684 0.671975 0.62649 0.63956 0.744 0.60479 0.750293 0.515101 0.746217 0.509306 0.768707 0.704545 0.595855 0.52847 0.681883 0.630829 0.691475 0.649922 0.662514 0.742479 0.683862 0.733581 0.649144 0.58952 0.615308 0.6222 0.73697 0.743009 0.603947 0.598142 0.60673 0.594118 0.629827 0.624264 0.689153 0.69969 0.52069 0.63875 0.651604 0.58804 0.666207 0.643172 0.69603 0.665428 0.667816 0.66135 0.796424 0.727524 0.720477 0.583245 0.615385 0.660826 0.668486 0.698138 0.674912 0.691932 0.682603 0.563452 0.653289 0.687952 0.591432 0.612179 
0.679296 0.714096 0.714467 0.567527 0.826733 0.657817 0.792884 1 0.672037 0.669632 0.603421 0.736842 0.526678 0.682081 0.626506 0.617198 0.628426 0.643695 0.487847 0.709869 0.727642 0.63747 0.616594 0.640641 0.691781 0.688915 0.628012 0.518272 0.455497 0.66805 0.59447 0.694215 0.672394 0.63311 0.590164 0.608916 0.60631 0.664052 0.653846 0.651034 0.567939 0.693287 0.670935 0.505319 0.676428 0.630339 0.592649 0.665302 0.654596 0.646626 0.68037 0.637405 0.633369 0.732892 0.599428 0.736425 0.529506 0.733708 0.524116 0.766319 0.714599 0.572131 0.519393 0.666667 0.62142 0.667532 0.61976 0.660832 0.720418 0.679797 0.729117 0.621908 0.598733 0.649952 0.623889 0.714953 0.694373 0.599241 0.591928 0.610998 0.582303 0.630435 0.623864 0.700127 0.682422 0.509002 0.651023 0.641562 0.557662 0.654762 0.626405 0.671446 0.647971 0.674806 0.704492 0.811346 0.78382 0.72956 0.637577 0.646582 0.681928 0.668848 0.685824 0.673864 0.726737 0.664541 0.545016 0.688578 0.673635 0.592105 0.572519 
0.617721 0.616438 0.663886 0.556338 0.678696 0.593964 0.656325 0.672037 1 0.721957 0.540346 0.675497 0.496835 0.645196 0.639047 0.603627 0.669884 0.622101 0.45933 0.646861 0.637516 0.667812 0.608696 0.65619 0.714132 0.637079 0.555245 0.480858 0.413462 0.627907 0.55698 0.66147 0.622294 0.628571 0.624309 0.626204 0.620513 0.626225 0.642599 0.626289 0.545326 0.684153 0.673077 0.437398 0.626703 0.550685 0.558239 0.701362 0.624114 0.647806 0.704102 0.597372 0.642137 0.685475 0.577333 0.682353 0.495575 0.680128 0.490342 0.653611 0.696466 0.497731 0.481366 0.651341 0.644028 0.652862 0.59388 0.697409 0.659365 0.639618 0.681665 0.658889 0.613226 0.636949 0.62312 0.6957 0.669868 0.587886 0.588547 0.605034 0.610708 0.618247 0.632653 0.700477 0.634615 0.492447 0.651927 0.608073 0.54386 0.610905 0.610747 0.650901 0.655793 0.663866 0.651059 0.667491 0.681988 0.688557 0.618537 0.637856 0.636776 0.6 0.647482 0.688507 0.708889 0.634731 0.572065 0.697651 0.66557 0.624639 0.548159 
0.648305 0.672677 0.669749 0.582803 0.671815 0.605873 0.664021 0.669632 0.721957 1 0.586601 0.720874 0.565455 0.648681 0.652065 0.627536 0.611111 0.665131 0.526605 0.64321 0.647808 0.637168 0.544883 0.615702 0.653254 0.639852 0.611374 0.518389 0.479705 0.622832 0.579032 0.656863 0.647268 0.603708 0.580802 0.594142 0.626074 0.652589 0.639519 0.639769 0.572115 0.665066 0.694667 0.487805 0.720859 0.58179 0.583601 0.622622 0.560229 0.65051 0.626327 0.603974 0.593407 0.633143 0.609281 0.641266 0.558725 0.641444 0.551607 0.681633 0.647727 0.544041 0.530249 0.690442 0.670984 0.67253 0.623234 0.651189 0.661853 0.666667 0.638166 0.621027 0.594978 0.565606 0.57943 0.667879 0.693742 0.588158 0.558653 0.580442 0.545098 0.624501 0.611307 0.690476 0.643963 0.517241 0.63125 0.639942 0.563123 0.612414 0.643172 0.637717 0.615861 0.626437 0.62454 0.667125 0.676349 0.626219 0.584305 0.639423 0.658323 0.653479 0.650266 0.65371 0.669927 0.691899 0.614213 0.647715 0.654217 0.582027 0.575321 
0.748227 0.646447 0.652529 0.68595 0.597156 0.809145 0.620915 0.603421 0.540346 0.586601 1 0.608824 0.716749 0.526087 0.51145 0.576923 0.48642 0.696252 0.685786 0.567568 0.625222 0.536321 0.43299 0.480583 0.563481 0.557229 0.613497 0.594848 0.550251 0.649635 0.67437 0.535714 0.522923 0.488178 0.453608 0.444581 0.557762 0.576271 0.509091 0.567273 0.625 0.593614 0.570957 0.781491 0.655512 0.670635 0.658996 0.513716 0.445676 0.509375 0.512531 0.576105 0.488251 0.560876 0.671756 0.575458 0.665929 0.570629 0.655481 0.656514 0.585598 0.724138 0.672249 0.67684 0.58121 0.569748 0.64503 0.533153 0.564774 0.611111 0.565611 0.479228 0.435233 0.453596 0.435561 0.603524 0.589786 0.587662 0.507671 0.45601 0.406393 0.514003 0.479433 0.602941 0.679283 0.637615 0.573171 0.564576 0.631004 0.607573 0.620112 0.542296 0.509804 0.581267 0.555887 0.638079 0.618307 0.526316 0.461827 0.511628 0.615267 0.662139 0.595395 0.577305 0.583086 0.627258 0.612975 0.527224 0.548105 0.416974 0.58125 
0.666237 0.695817 0.713939 0.558908 0.726627 0.61958 0.716019 0.736842 0.675497 0.720874 0.608824 1 0.519417 0.674058 0.638985 0.596306 0.631115 0.648122 0.469821 0.676538 0.655484 0.665891 0.624366 0.675676 0.680175 0.667808 0.611983 0.477308 0.429508 0.619737 0.559593 0.688914 0.676923 0.627283 0.570146 0.592773 0.578329 0.669576 0.619339 0.612861 0.549133 0.693674 0.668704 0.49584 0.715278 0.574022 0.544928 0.657791 0.625673 0.617371 0.666337 0.602673 0.615542 0.712619 0.577446 0.710098 0.50753 0.71521 0.500759 0.726027 0.723629 0.556414 0.480952 0.652796 0.628571 0.639405 0.592908 0.663512 0.727475 0.663835 0.667429 0.623025 0.60061 0.614525 0.619048 0.717805 0.678877 0.586957 0.584499 0.605496 0.58364 0.623932 0.627045 0.666262 0.658263 0.492284 0.62788 0.618037 0.531343 0.604035 0.614152 0.667048 0.636571 0.683369 0.657984 0.709434 0.668774 0.701312 0.616222 0.635556 0.686275 0.656679 0.662195 0.712105 0.691874 0.661389 0.514416 0.65285 0.673719 0.617561 0.544798 
0.591633 0.568932 0.568058 0.625592 0.527145 0.662132 0.547273 0.526678 0.496835 0.565455 0.716749 0.519417 1 0.449045 0.473862 0.530992 0.406417 0.658427 0.690265 0.491722 0.57485 0.459829 0.343612 0.401575 0.478873 0.493355 0.564403 0.627397 0.598214 0.567901 0.654589 0.486885 0.45283 0.414003 0.41329 0.378667 0.518293 0.513258 0.488029 0.534836 0.586124 0.502392 0.512868 0.737003 0.688341 0.61991 0.653846 0.42027 0.372619 0.472318 0.421196 0.484517 0.417614 0.467862 0.595238 0.48068 0.625641 0.479326 0.623377 0.58034 0.477745 0.764075 0.744382 0.579798 0.530035 0.542214 0.598608 0.460857 0.496 0.541818 0.49584 0.431373 0.391549 0.39 0.378866 0.499192 0.530275 0.519856 0.433588 0.394631 0.353808 0.466055 0.426128 0.554545 0.631818 0.617647 0.494949 0.533333 0.643939 0.518304 0.572632 0.48 0.457571 0.468374 0.453202 0.566219 0.553191 0.440725 0.408412 0.463259 0.529511 0.586338 0.538462 0.496112 0.50817 0.542962 0.667532 0.439942 0.466346 0.36751 0.58134 
0.591603 0.63204 0.643114 0.491501 0.690058 0.575172 0.688249 0.682081 0.645196 0.648681 0.526087 0.674058 0.449045 1 0.81984 0.666667 0.653101 0.631001 0.446228 0.685811 0.661147 0.620253 0.590604 0.657744 0.664139 0.625282 0.580872 0.483821 0.433871 0.61948 0.548711 0.683445 0.68913 0.737513 0.715871 0.66441 0.646907 0.736453 0.765417 0.630829 0.576923 0.658617 0.669082 0.445172 0.616438 0.592287 0.557143 0.689453 0.661922 0.722738 0.701961 0.571429 0.639676 0.673662 0.565684 0.676692 0.47181 0.676628 0.470852 0.632226 0.668058 0.515982 0.478125 0.731707 0.632941 0.658507 0.556643 0.658689 0.69967 0.669065 0.668927 0.645089 0.631791 0.627306 0.653774 0.706534 0.696019 0.568019 0.600639 0.655005 0.640255 0.628468 0.634304 0.701439 0.707182 0.463526 0.604784 0.660995 0.608824 0.591532 0.598155 0.651584 0.629379 0.651899 0.606943 0.691925 0.650437 0.675325 0.614104 0.652747 0.640821 0.609125 0.646988 0.670982 0.65067 0.67509 0.559043 0.695385 0.711454 0.674396 0.582621 
0.580559 0.612565 0.6225 0.505216 0.64878 0.562319 0.657071 0.626506 0.639047 0.652065 0.51145 0.638985 0.473862 0.81984 1 0.661664 0.621866 0.606628 0.423469 0.624853 0.628 0.625899 0.556612 0.619189 0.626126 0.643948 0.58284 0.509772 0.45641 0.614966 0.567119 0.634459 0.665537 0.68543 0.715935 0.63964 0.647773 0.728443 0.768939 0.635007 0.596702 0.650685 0.677175 0.439236 0.625899 0.597685 0.562406 0.64004 0.624426 0.736397 0.654822 0.572682 0.632739 0.638344 0.559775 0.638393 0.461659 0.637472 0.455836 0.59383 0.619718 0.506431 0.472727 0.673387 0.626994 0.648338 0.566176 0.632829 0.669336 0.627034 0.649412 0.664344 0.636079 0.591992 0.597073 0.652074 0.63602 0.582814 0.591814 0.609658 0.603951 0.652393 0.633408 0.687109 0.677794 0.46549 0.603796 0.668038 0.620155 0.572917 0.60221 0.62073 0.624706 0.619934 0.581585 0.637662 0.624021 0.646998 0.581136 0.634286 0.612827 0.585052 0.674214 0.627803 0.671312 0.650754 0.553628 0.638298 0.647194 0.657 0.596702 
0.619938 0.622901 0.615051 0.592527 0.61744 0.611015 0.627536 0.617198 0.603627 0.627536 0.576923 0.596306 0.530992 0.666667 0.661664 1 0.55518 0.635897 0.507307 0.598118 0.650546 0.595862 0.462786 0.54102 0.572529 0.603774 0.684303 0.560396 0.531513 0.615016 0.619134 0.645333 0.609536 0.617315 0.627477 0.592135 0.678797 0.717066 0.696925 0.683121 0.654122 0.573664 0.656433 0.503212 0.645051 0.632302 0.600719 0.572727 0.55 0.644847 0.589041 0.563135 0.542654 0.583436 0.60299 0.603558 0.539623 0.602774 0.535238 0.617339 0.556511 0.573099 0.560484 0.67874 0.620397 0.616642 0.633976 0.569155 0.596078 0.613043 0.577598 0.573138 0.558824 0.557447 0.537118 0.599473 0.643796 0.603746 0.533333 0.543503 0.530398 0.611679 0.607918 0.669565 0.651724 0.546693 0.587193 0.645161 0.626866 0.628225 0.64878 0.572973 0.582996 0.569652 0.563418 0.626324 0.616438 0.549592 0.530217 0.596606 0.581173 0.617691 0.625364 0.60281 0.603723 0.646288 0.60381 0.617329 0.620419 0.537598 0.625448 
0.550773 0.599565 0.589529 0.485472 0.622564 0.523077 0.6174 0.628426 0.669884 0.611111 0.48642 0.631115 0.406417 0.653101 0.621866 0.55518 1 0.555948 0.395693 0.633929 0.59558 0.589484 0.628811 0.638079 0.657718 0.601392 0.504212 0.423927 0.351351 0.624719 0.513447 0.65286 0.654808 0.637135 0.588639 0.666378 0.553571 0.590129 0.598733 0.561659 0.478102 0.628516 0.591772 0.385773 0.517647 0.535461 0.493902 0.702797 0.676849 0.626273 0.701754 0.579224 0.620036 0.656104 0.550808 0.661275 0.455919 0.661306 0.451204 0.622722 0.652134 0.455598 0.428947 0.630701 0.610309 0.608324 0.508982 0.631822 0.619048 0.647799 0.652736 0.621063 0.616697 0.701827 0.655085 0.634409 0.626976 0.553236 0.571294 0.643168 0.669951 0.554268 0.613181 0.631027 0.560427 0.428021 0.624249 0.563348 0.48 0.581798 0.5438 0.606574 0.591045 0.618914 0.642646 0.607568 0.572204 0.657449 0.653812 0.628155 0.632899 0.58754 0.609474 0.680993 0.673228 0.640379 0.505703 0.665753 0.626459 0.613853 0.495134 
0.635158 0.659091 0.622699 0.640535 0.630952 0.666052 0.639017 0.643695 0.622101 0.665131 0.696252 0.648122 0.658427 0.631001 0.606628 0.635897 0.555948 1 0.681818 0.622695 0.659468 0.599125 0.461843 0.531866 0.606757 0.593172 0.657197 0.639485 0.533181 0.715503 0.695146 0.601969 0.616011 0.569921 0.54039 0.519389 0.655986 0.648649 0.607143 0.633277 0.668593 0.590659 0.651163 0.67757 0.659963 0.677716 0.65764 0.558859 0.500531 0.600884 0.572282 0.572308 0.519255 0.587013 0.648313 0.59893 0.635438 0.596817 0.633745 0.715873 0.594839 0.748945 0.680525 0.738255 0.655172 0.629338 0.663534 0.551414 0.603306 0.709677 0.621083 0.565217 0.517879 0.524972 0.522235 0.631944 0.685759 0.587786 0.521164 0.518913 0.497268 0.591331 0.557796 0.683564 0.757856 0.610526 0.579856 0.67642 0.71831 0.640323 0.666667 0.594864 0.54416 0.562092 0.583099 0.694534 0.666667 0.559902 0.534606 0.607978 0.626801 0.664013 0.666151 0.646505 0.619916 0.635802 0.685185 0.594697 0.613793 0.495305 0.641618 
0.577465 0.578431 0.494505 0.666667 0.475265 0.616973 0.504587 0.487847 0.45933 0.526605 0.685786 0.469821 0.690265 0.446228 0.423469 0.507307 0.395693 0.681818 1 0.475793 0.53629 0.465517 0.328904 0.375165 0.44795 0.460637 0.575829 0.594444 0.595166 0.575884 0.611247 0.444628 0.437401 0.378834 0.362745 0.354362 0.478439 0.468451 0.410781 0.482402 0.547216 0.438907 0.48423 0.742236 0.553288 0.592677 0.581509 0.402721 0.336527 0.418848 0.410397 0.487132 0.39485 0.432229 0.582057 0.44704 0.685714 0.444444 0.686842 0.540076 0.446936 0.758152 0.698006 0.606122 0.508021 0.482955 0.584507 0.41369 0.45 0.500917 0.451342 0.405272 0.361702 0.371069 0.357977 0.473941 0.507407 0.486339 0.413846 0.383784 0.321384 0.440741 0.394984 0.482569 0.581609 0.669377 0.471986 0.543158 0.595908 0.519455 0.542553 0.463866 0.427852 0.453718 0.480132 0.531008 0.53125 0.414326 0.379781 0.42351 0.498299 0.542146 0.512015 0.460815 0.469522 0.48155 0.592105 0.422741 0.452342 0.341823 0.542373 
0.624672 0.674839 0.665845 0.541056 0.690734 0.613409 0.701235 0.709869 0.646861 0.64321 0.567568 0.676538 0.491722 0.685811 0.624853 0.598118 0.633929 0.622695 0.475793 1 0.802891 0.624852 0.565068 0.610568 0.670745 0.646172 0.60262 0.5072 0.446309 0.660858 0.593472 0.75977 0.699777 0.636859 0.584949 0.614851 0.613032 0.635787 0.62391 0.631016 0.569322 0.665163 0.641791 0.482112 0.623229 0.606838 0.593195 0.626 0.614545 0.645585 0.633534 0.624227 0.630705 0.680301 0.602493 0.681367 0.516923 0.682366 0.506977 0.679341 0.682013 0.556082 0.532468 0.668874 0.624697 0.633039 0.606368 0.643543 0.692655 0.696296 0.664344 0.629587 0.585567 0.633962 0.61583 0.681456 0.700621 0.625307 0.602186 0.640796 0.597765 0.606211 0.61794 0.674074 0.65 0.504732 0.628806 0.597297 0.556402 0.623877 0.616327 0.675581 0.644599 0.630952 0.644419 0.68886 0.660232 0.662231 0.610833 0.630926 0.664713 0.637865 0.688586 0.65227 0.673165 0.667906 0.545736 0.656151 0.664027 0.591494 0.556047 
0.654021 0.699405 0.677966 0.592401 0.739011 0.667224 0.746818 0.727642 0.637516 0.647808 0.625222 0.655484 0.57485 0.661147 0.628 0.650546 0.59558 0.659468 0.53629 0.802891 1 0.623989 0.529577 0.589772 0.654523 0.642951 0.674658 0.56705 0.507099 0.693624 0.67951 0.804433 0.68348 0.601966 0.578811 0.596472 0.645609 0.651095 0.638571 0.666667 0.613913 0.66199 0.681883 0.547521 0.674959 0.679466 0.664921 0.618729 0.591775 0.636735 0.62486 0.633144 0.614402 0.691283 0.654281 0.708955 0.57404 0.703704 0.562731 0.725947 0.658243 0.639623 0.612086 0.705521 0.62379 0.666667 0.676871 0.642686 0.689258 0.698727 0.689974 0.612484 0.564014 0.574713 0.56806 0.697165 0.717949 0.620253 0.587438 0.593126 0.554068 0.605413 0.59875 0.683168 0.721943 0.574388 0.6498 0.681319 0.618445 0.653846 0.658228 0.65786 0.653034 0.63581 0.646214 0.764012 0.700297 0.646453 0.565996 0.591315 0.648 0.662281 0.702703 0.6525 0.685306 0.660511 0.612546 0.654481 0.660691 0.585903 0.664348 
0.604307 0.630952 0.650253 0.556561 0.653941 0.580645 0.646018 0.63747 0.667812 0.637168 0.536321 0.665891 0.459829 0.620253 0.625899 0.595862 0.589484 0.599125 0.465517 0.624852 0.623989 1 0.625762 0.647059 0.696591 0.645314 0.591317 0.511551 0.440208 0.636864 0.566412 0.632197 0.627138 0.575724 0.573427 0.603431 0.635743 0.608583 0.598214 0.60631 0.60698 0.633641 0.647134 0.441901 0.614265 0.569546 0.554033 0.607543 0.575393 0.626374 0.617195 0.592405 0.607407 0.638462 0.584637 0.635135 0.508716 0.63311 0.5 0.628571 0.640437 0.514658 0.490787 0.646739 0.6171 0.647287 0.599702 0.626362 0.655889 0.627054 0.64133 0.615475 0.584648 0.606148 0.573255 0.652326 0.647583 0.581132 0.574777 0.564909 0.559242 0.629771 0.632353 0.647282 0.619677 0.505691 0.646707 0.644938 0.566719 0.611842 0.624302 0.619501 0.5962 0.636464 0.628235 0.643045 0.659631 0.63048 0.591002 0.626298 0.622302 0.598958 0.6277 0.632353 0.643611 0.609137 0.538339 0.612661 0.631214 0.594758 0.559939 
0.512195 0.536608 0.573991 0.416836 0.61674 0.466667 0.599641 0.616594 0.608696 0.544883 0.43299 0.624366 0.343612 0.590604 0.556612 0.462786 0.628811 0.461843 0.328904 0.565068 0.529577 0.625762 1 0.640271 0.643392 0.557461 0.454087 0.365985 0.308889 0.494286 0.421268 0.598808 0.6 0.555283 0.530906 0.623288 0.467803 0.513736 0.528455 0.494297 0.417515 0.601175 0.554152 0.328844 0.49604 0.441352 0.417347 0.64954 0.665242 0.539405 0.650769 0.512129 0.604101 0.657745 0.45614 0.644096 0.3826 0.647494 0.373024 0.555352 0.646204 0.375667 0.359783 0.506138 0.538053 0.577028 0.457286 0.638195 0.615643 0.540395 0.597425 0.576531 0.591052 0.660557 0.609702 0.614539 0.54734 0.511628 0.538966 0.604278 0.613208 0.531109 0.58575 0.559246 0.471116 0.363539 0.566494 0.501916 0.398958 0.509695 0.484119 0.58677 0.56824 0.596091 0.575448 0.560369 0.541166 0.661983 0.604919 0.572269 0.581677 0.545371 0.536937 0.597349 0.607993 0.534653 0.393045 0.632669 0.587542 0.602281 0.419552 
0.556522 0.578778 0.614035 0.464286 0.651163 0.521537 0.63843 0.640641 0.65619 0.615702 0.480583 0.675676 0.401575 0.657744 0.619189 0.54102 0.638079 0.531866 0.375165 0.610568 0.589772 0.647059 0.640271 1 0.763482 0.626471 0.508876 0.422733 0.362069 0.558628 0.486779 0.645914 0.649905 0.616744 0.570048 0.639555 0.552747 0.600423 0.596254 0.557395 0.516746 0.637321 0.639293 0.383893 0.542824 0.510465 0.479616 0.690846 0.644674 0.61245 0.727903 0.54395 0.637255 0.676173 0.513636 0.665728 0.420792 0.664799 0.417186 0.608237 0.677656 0.452592 0.410853 0.631982 0.599594 0.590957 0.517079 0.686758 0.658677 0.617769 0.642787 0.617476 0.629433 0.63711 0.633166 0.672131 0.610592 0.540123 0.579683 0.635426 0.651786 0.583593 0.630537 0.633264 0.551282 0.409091 0.594862 0.555679 0.488943 0.561366 0.534155 0.612967 0.594701 0.668207 0.602726 0.624068 0.574332 0.680176 0.625974 0.632184 0.609298 0.569312 0.61722 0.6541 0.639806 0.60829 0.460772 0.679892 0.651631 0.621899 0.486842 
0.623588 0.671605 0.659574 0.53417 0.700924 0.612772 0.692308 0.691781 0.714132 0.653254 0.563481 0.680175 0.478873 0.664139 0.626126 0.572529 0.657718 0.606757 0.44795 0.670745 0.654523 0.696591 0.643392 0.763482 1 0.657748 0.581717 0.484848 0.418384 0.636364 0.561354 0.667403 0.655209 0.632353 0.574561 0.632536 0.597205 0.64034 0.601432 0.596424 0.544179 0.672451 0.663886 0.459807 0.624831 0.579376 0.552743 0.689855 0.602643 0.62772 0.703201 0.601896 0.634635 0.685685 0.582563 0.691083 0.49781 0.691983 0.488235 0.699029 0.700722 0.535928 0.486943 0.683544 0.619048 0.694444 0.586777 0.701646 0.675 0.650888 0.689732 0.628445 0.610945 0.67032 0.607843 0.718818 0.665476 0.59364 0.594737 0.617308 0.603246 0.613095 0.63113 0.669823 0.619048 0.484305 0.656918 0.603871 0.547033 0.619165 0.612987 0.654749 0.627232 0.67049 0.653761 0.702206 0.650246 0.668972 0.621124 0.655809 0.670045 0.649635 0.65874 0.676972 0.715546 0.625891 0.508824 0.686613 0.676823 0.594646 0.532959 
0.627632 0.6326 0.667491 0.579412 0.680338 0.597997 0.663366 0.688915 0.637079 0.639852 0.557229 0.667808 0.493355 0.625282 0.643948 0.603774 0.601392 0.593172 0.460637 0.646172 0.642951 0.645314 0.557461 0.626471 0.657748 1 0.6 0.516854 0.464646 0.61828 0.589286 0.678571 0.675615 0.625137 0.609143 0.611111 0.617333 0.60687 0.600499 0.595174 0.571006 0.677966 0.63217 0.461538 0.606534 0.641429 0.590504 0.633267 0.593807 0.619617 0.638833 0.60223 0.648649 0.665588 0.619444 0.666298 0.524691 0.671789 0.513219 0.648031 0.631974 0.541997 0.504886 0.625498 0.675971 0.618205 0.586357 0.652406 0.663647 0.636139 0.653085 0.608046 0.576446 0.621928 0.602515 0.687571 0.662516 0.640394 0.605695 0.617149 0.606343 0.62142 0.6404 0.636139 0.608883 0.530063 0.644366 0.592141 0.539755 0.608752 0.638472 0.693473 0.668219 0.673536 0.612457 0.662388 0.64 0.677949 0.596985 0.617647 0.653349 0.629299 0.671642 0.679245 0.678161 0.608696 0.524106 0.639621 0.642857 0.584737 0.545858 
0.601709 0.638796 0.583596 0.60198 0.637615 0.637405 0.633491 0.628012 0.555245 0.611374 0.613497 0.611983 0.564403 0.580872 0.58284 0.684303 0.504212 0.657197 0.575829 0.60262 0.674658 0.591317 0.454087 0.508876 0.581717 0.6 1 0.622768 0.582339 0.664323 0.653924 0.59596 0.636996 0.541892 0.531429 0.510204 0.624348 0.662848 0.595847 0.628722 0.664671 0.559155 0.599681 0.578049 0.708885 0.666667 0.633267 0.509113 0.495125 0.564297 0.512821 0.537975 0.501906 0.558511 0.607339 0.569863 0.58351 0.566576 0.583333 0.635621 0.569353 0.629386 0.621868 0.641869 0.590139 0.62013 0.653696 0.555263 0.588983 0.624013 0.596491 0.56259 0.503153 0.497169 0.521537 0.605413 0.636943 0.55102 0.49458 0.516908 0.468227 0.633758 0.577135 0.584518 0.667304 0.579869 0.545052 0.680284 0.655532 0.599668 0.636201 0.582723 0.53655 0.522088 0.550578 0.662252 0.658333 0.54625 0.482927 0.557123 0.566568 0.608197 0.63911 0.564738 0.601439 0.604762 0.632479 0.55814 0.565771 0.502398 0.698603 
0.527725 0.567164 0.5 0.573363 0.528716 0.597403 0.549912 0.518272 0.480858 0.518389 0.594848 0.477308 0.627397 0.483821 0.509772 0.560396 0.423927 0.639485 0.594444 0.5072 0.56705 0.511551 0.365985 0.422733 0.484848 0.516854 0.622768 1 0.773109 0.599606 0.625287 0.492868 0.490107 0.445428 0.452978 0.424125 0.549708 0.535519 0.514184 0.563851 0.612756 0.483025 0.536283 0.617816 0.623126 0.593952 0.604119 0.428384 0.380952 0.525876 0.443857 0.526316 0.45931 0.469565 0.563147 0.48503 0.591241 0.480712 0.591133 0.543636 0.47482 0.652284 0.660477 0.593023 0.528109 0.557762 0.630531 0.464183 0.503096 0.551664 0.504823 0.477093 0.425445 0.403167 0.401506 0.501562 0.538869 0.511304 0.452663 0.415144 0.380838 0.531802 0.487952 0.558669 0.605206 0.625316 0.500813 0.552894 0.623501 0.544444 0.622984 0.486312 0.482315 0.451095 0.465079 0.568266 0.568773 0.451219 0.424802 0.497682 0.483713 0.521898 0.557319 0.493976 0.49921 0.517606 0.674877 0.445225 0.488372 0.413212 0.601367 
0.479757 0.487179 0.46593 0.509662 0.456483 0.545035 0.47417 0.455497 0.413462 0.479705 0.550251 0.429508 0.598214 0.433871 0.45641 0.531513 0.351351 0.533181 0.595166 0.446309 0.507099 0.440208 0.308889 0.362069 0.418384 0.464646 0.582339 0.773109 1 0.520921 0.596059 0.430233 0.429936 0.417565 0.428571 0.374663 0.533058 0.521154 0.480374 0.516667 0.592683 0.41357 0.48694 0.583072 0.559361 0.571429 0.590686 0.367486 0.329327 0.482456 0.387363 0.486137 0.41954 0.393343 0.517621 0.405321 0.544503 0.40155 0.549072 0.451056 0.403904 0.6 0.62069 0.527721 0.483871 0.48 0.553191 0.38864 0.437601 0.45941 0.436762 0.425497 0.367521 0.349747 0.356771 0.438625 0.480447 0.503663 0.44204 0.386703 0.353598 0.50838 0.43622 0.47786 0.569444 0.617486 0.43686 0.544492 0.652062 0.455969 0.541756 0.451014 0.426644 0.39939 0.389351 0.489279 0.491159 0.38787 0.399177 0.451456 0.422222 0.468208 0.496283 0.418898 0.453642 0.487941 0.591512 0.38653 0.418831 0.35397 0.6 
0.638199 0.700152 0.611833 0.618794 0.666199 0.680961 0.663295 0.66805 0.627907 0.622832 0.649635 0.619737 0.567901 0.61948 0.614966 0.615016 0.624719 0.715503 0.575884 0.660858 0.693624 0.636864 0.494286 0.558628 0.636364 0.61828 0.664323 0.599606 0.520921 1 0.705036 0.62367 0.647815 0.589487 0.54809 0.540359 0.664038 0.649254 0.605839 0.633333 0.642857 0.613784 0.661808 0.567164 0.644558 0.691781 0.650538 0.594104 0.528513 0.605556 0.575171 0.599132 0.550827 0.638718 0.67053 0.646388 0.590226 0.645283 0.58444 0.694486 0.623775 0.64466 0.598394 0.697017 0.611582 0.666667 0.642234 0.587302 0.64146 0.690751 0.685061 0.615385 0.53169 0.579618 0.550109 0.675427 0.684134 0.593391 0.557089 0.594138 0.535565 0.62591 0.601274 0.65896 0.701031 0.600775 0.600543 0.675241 0.665428 0.639939 0.63047 0.632075 0.582773 0.626551 0.621838 0.719457 0.688923 0.623981 0.552901 0.606771 0.628571 0.657698 0.718023 0.648408 0.697613 0.619739 0.618596 0.590636 0.626632 0.540873 0.641071 
0.627622 0.630769 0.587762 0.630081 0.592824 0.671233 0.61129 0.59447 0.55698 0.579032 0.67437 0.559593 0.654589 0.548711 0.567119 0.619134 0.513447 0.695146 0.611247 0.593472 0.67951 0.566412 0.421268 0.486779 0.561354 0.589286 0.653924 0.625287 0.596059 0.705036 1 0.576471 0.573654 0.521321 0.49345 0.468293 0.63879 0.605351 0.549755 0.594982 0.680328 0.550933 0.614007 0.634761 0.624031 0.732422 0.695473 0.508642 0.464835 0.557099 0.492556 0.568659 0.503876 0.552097 0.661654 0.566248 0.632609 0.562932 0.641758 0.622705 0.549731 0.722348 0.657277 0.637168 0.597484 0.613599 0.616766 0.526104 0.569784 0.651613 0.611028 0.52346 0.469231 0.477012 0.483452 0.592163 0.652032 0.584936 0.52 0.527607 0.450226 0.577236 0.518934 0.590323 0.696078 0.646396 0.590361 0.632727 0.684549 0.575552 0.649541 0.586567 0.529061 0.555858 0.552283 0.639594 0.611584 0.54892 0.482032 0.537356 0.58371 0.624791 0.62987 0.57784 0.609971 0.554295 0.643956 0.51774 0.564842 0.47503 0.686475 
0.597656 0.645326 0.663403 0.521802 0.709677 0.594059 0.715686 0.694215 0.66147 0.656863 0.535714 0.688914 0.486885 0.683445 0.634459 0.645333 0.65286 0.601969 0.444628 0.75977 0.804433 0.632197 0.598808 0.645914 0.667403 0.678571 0.59596 0.492868 0.430233 0.62367 0.576471 1 0.725055 0.651138 0.611552 0.652559 0.594987 0.63602 0.65513 0.619363 0.545322 0.681971 0.675309 0.445194 0.627809 0.611582 0.57478 0.66501 0.635624 0.645735 0.669661 0.618405 0.645361 0.704813 0.592033 0.710843 0.503049 0.713819 0.491551 0.669182 0.682979 0.535211 0.508039 0.641262 0.651442 0.638298 0.592539 0.66596 0.693603 0.671569 0.678201 0.648064 0.604508 0.646341 0.660269 0.689266 0.711467 0.615854 0.615635 0.67458 0.631481 0.612824 0.635864 0.680147 0.621813 0.484375 0.637209 0.599196 0.536254 0.64586 0.630229 0.698614 0.698962 0.654839 0.641143 0.689962 0.644955 0.671414 0.607178 0.628924 0.642608 0.620429 0.708128 0.660066 0.676538 0.645756 0.534562 0.660397 0.662921 0.609636 0.586257 
0.583123 0.641883 0.633452 0.518207 0.67555 0.560709 0.667458 0.672394 0.622294 0.647268 0.522923 0.676923 0.45283 0.68913 0.665537 0.609536 0.654808 0.616011 0.437401 0.699777 0.68348 0.627138 0.6 0.649905 0.655209 0.675615 0.636996 0.490107 0.429936 0.647815 0.573654 0.725055 1 0.657534 0.620462 0.634357 0.603316 0.676829 0.670659 0.617949 0.552113 0.651795 0.655502 0.432956 0.612466 0.598093 0.564972 0.646318 0.635159 0.636782 0.653696 0.611177 0.626506 0.679501 0.590186 0.676251 0.5 0.678307 0.49483 0.658952 0.668737 0.532331 0.5 0.649301 0.641026 0.64 0.589212 0.669763 0.682661 0.68171 0.68757 0.651549 0.620758 0.658425 0.691948 0.69045 0.691756 0.593381 0.581837 0.701061 0.665461 0.611708 0.652406 0.64133 0.596995 0.477477 0.613995 0.604922 0.547965 0.600493 0.611473 0.684978 0.646137 0.646443 0.6404 0.658057 0.631644 0.682854 0.629738 0.659041 0.646328 0.628816 0.662291 0.648128 0.686947 0.625745 0.528804 0.673449 0.682314 0.627996 0.585916 
0.553374 0.56401 0.585648 0.443537 0.651584 0.533157 0.63847 0.63311 0.628571 0.603708 0.488178 0.627283 0.414003 0.737513 0.68543 0.617315 0.637135 0.569921 0.378834 0.636859 0.601966 0.575724 0.555283 0.616744 0.632353 0.625137 0.541892 0.445428 0.417565 0.589487 0.521321 0.651138 0.657534 1 0.807527 0.658514 0.652174 0.769322 0.703271 0.611735 0.590971 0.630851 0.624271 0.410937 0.550725 0.554967 0.510288 0.642925 0.612316 0.640853 0.644423 0.534803 0.60177 0.62831 0.503226 0.634375 0.41394 0.636646 0.406877 0.577197 0.635258 0.476676 0.45142 0.657178 0.604096 0.570922 0.50672 0.624242 0.641791 0.621089 0.634573 0.614054 0.612903 0.628032 0.665748 0.636266 0.65035 0.564014 0.575413 0.6569 0.649512 0.609557 0.618201 0.625724 0.605578 0.423581 0.581036 0.622951 0.583921 0.544471 0.540609 0.618839 0.608315 0.603889 0.571584 0.611511 0.580723 0.628155 0.606667 0.636848 0.602649 0.575 0.634459 0.650628 0.655135 0.653488 0.54298 0.634462 0.655283 0.585526 0.552668 
0.513548 0.531726 0.567961 0.444604 0.603081 0.488796 0.605103 0.590164 0.624309 0.580802 0.453608 0.570146 0.41329 0.715871 0.715935 0.627477 0.588639 0.54039 0.362745 0.584949 0.578811 0.573427 0.530906 0.570048 0.574561 0.609143 0.531429 0.452978 0.428571 0.54809 0.49345 0.611552 0.620462 0.807527 1 0.623656 0.633987 0.676654 0.752451 0.629435 0.549928 0.605556 0.627907 0.376667 0.546592 0.53986 0.519594 0.604146 0.598383 0.678026 0.608523 0.546229 0.595701 0.600849 0.495238 0.608696 0.401207 0.607991 0.393617 0.562344 0.577614 0.448916 0.424483 0.613281 0.593564 0.588089 0.5 0.593684 0.610245 0.584447 0.600686 0.650847 0.615463 0.574091 0.599619 0.602018 0.596577 0.568319 0.571121 0.588409 0.608096 0.623472 0.623362 0.623329 0.58345 0.409583 0.566321 0.62417 0.58296 0.561869 0.529412 0.611684 0.614416 0.574173 0.553288 0.595718 0.582278 0.59899 0.583168 0.612903 0.569284 0.54125 0.616606 0.615721 0.624859 0.597561 0.509119 0.625519 0.630992 0.610352 0.564399 
0.498899 0.529859 0.563218 0.432367 0.623337 0.476978 0.60251 0.608916 0.626204 0.594142 0.444581 0.592773 0.378667 0.66441 0.63964 0.592135 0.666378 0.519389 0.354362 0.614851 0.596472 0.603431 0.623288 0.639555 0.632536 0.611111 0.510204 0.424125 0.374663 0.540359 0.468293 0.652559 0.634357 0.658514 0.623656 1 0.63029 0.62848 0.638567 0.576063 0.493932 0.616651 0.603158 0.360164 0.501174 0.502358 0.463504 0.712914 0.686196 0.644309 0.71366 0.537173 0.618018 0.658605 0.490783 0.649573 0.396985 0.65628 0.390645 0.558289 0.616667 0.436457 0.426509 0.620422 0.615226 0.584665 0.51135 0.618652 0.617847 0.594142 0.600794 0.602161 0.62724 0.669983 0.638748 0.620488 0.594111 0.558333 0.579642 0.640313 0.657377 0.557308 0.622498 0.629707 0.552009 0.391026 0.575 0.572235 0.5 0.557838 0.524404 0.583499 0.59285 0.607477 0.561576 0.579288 0.561213 0.635797 0.605424 0.597868 0.566567 0.542337 0.59979 0.653956 0.615914 0.64638 0.469027 0.64722 0.62233 0.625756 0.504854 
0.590769 0.600302 0.600858 0.557895 0.611961 0.594227 0.617478 0.60631 0.620513 0.626074 0.557762 0.578329 0.518293 0.646907 0.647773 0.678797 0.553571 0.655986 0.478439 0.613032 0.645609 0.635743 0.467803 0.552747 0.597205 0.617333 0.624348 0.549708 0.533058 0.664038 0.63879 0.594987 0.603316 0.652174 0.633987 0.63029 1 0.732249 0.704776 0.693396 0.706714 0.569032 0.674855 0.484211 0.622896 0.652542 0.620567 0.558559 0.525304 0.634986 0.569005 0.559541 0.561033 0.563035 0.627869 0.577358 0.522305 0.574282 0.512195 0.602659 0.554745 0.571977 0.527778 0.659409 0.602241 0.643172 0.599309 0.558788 0.589909 0.606017 0.594126 0.592105 0.564103 0.5327 0.531385 0.601043 0.637807 0.571225 0.5467 0.531915 0.512474 0.629149 0.585335 0.65043 0.707483 0.530651 0.571429 0.692675 0.683824 0.596702 0.621188 0.602941 0.554072 0.568965 0.560106 0.641256 0.613534 0.543353 0.537853 0.599483 0.562753 0.594074 0.629683 0.591656 0.605263 0.615827 0.652908 0.567342 0.604922 0.555061 0.637809 
0.637026 0.640916 0.643537 0.539604 0.660927 0.6304 0.660763 0.664052 0.626225 0.652589 0.576271 0.669576 0.513258 0.736453 0.728443 0.717066 0.590129 0.648649 0.468451 0.635787 0.651095 0.608583 0.513736 0.600423 0.64034 0.60687 0.662848 0.535519 0.521154 0.649254 0.605351 0.63602 0.676829 0.769322 0.676654 0.62848 0.732249 1 0.748281 0.662202 0.662791 0.628853 0.671703 0.499022 0.642857 0.640575 0.591667 0.617965 0.570312 0.682415 0.628261 0.581173 0.56982 0.615475 0.572755 0.624549 0.508711 0.622461 0.504394 0.659187 0.622378 0.570916 0.518519 0.715758 0.621333 0.630404 0.614634 0.578397 0.627936 0.644414 0.644586 0.604271 0.585011 0.576219 0.591667 0.656289 0.663923 0.581301 0.544696 0.588805 0.576152 0.640604 0.621524 0.671662 0.689103 0.53405 0.595116 0.700301 0.660345 0.583215 0.62519 0.621173 0.582166 0.600236 0.588903 0.683688 0.629101 0.605993 0.592834 0.649383 0.640927 0.642757 0.663014 0.652963 0.658291 0.674419 0.632689 0.638857 0.647277 0.558289 0.627907 
0.580599 0.598039 0.641333 0.505636 0.675325 0.565625 0.667557 0.653846 0.642599 0.639519 0.509091 0.619339 0.488029 0.765417 0.768939 0.696925 0.598733 0.607143 0.410781 0.62391 0.638571 0.598214 0.528455 0.596254 0.601432 0.600499 0.595847 0.514184 0.480374 0.605839 0.549755 0.65513 0.670659 0.703271 0.752451 0.638567 0.704776 0.748281 1 0.701601 0.6094 0.616223 0.69179 0.435361 0.637209 0.609984 0.578862 0.637913 0.60924 0.732304 0.66738 0.581551 0.607973 0.626728 0.574887 0.644208 0.471986 0.633803 0.467466 0.629121 0.597938 0.512238 0.497297 0.674352 0.624837 0.659836 0.577778 0.610731 0.658981 0.610147 0.65 0.659679 0.617162 0.581582 0.606154 0.641809 0.638441 0.586985 0.581967 0.616525 0.597236 0.641129 0.627078 0.676903 0.647887 0.486911 0.578815 0.714286 0.64874 0.594708 0.581602 0.623279 0.64125 0.589803 0.582921 0.658333 0.638268 0.623362 0.599359 0.641212 0.604798 0.590909 0.645638 0.614014 0.636252 0.63941 0.566781 0.649438 0.658566 0.613684 0.632091 
0.599071 0.623672 0.640288 0.565371 0.643357 0.6 0.629683 0.651034 0.626289 0.639769 0.567273 0.612861 0.534836 0.630829 0.635007 0.683121 0.561659 0.633277 0.482402 0.631016 0.666667 0.60631 0.494297 0.557395 0.596424 0.595174 0.628722 0.563851 0.516667 0.633333 0.594982 0.619363 0.617949 0.611735 0.629435 0.576063 0.693396 0.662202 0.701601 1 0.672598 0.573281 0.649709 0.4862 0.661017 0.602389 0.623214 0.567873 0.530488 0.652355 0.579545 0.577201 0.564858 0.586716 0.610561 0.60177 0.539326 0.598494 0.533081 0.627043 0.559902 0.549323 0.544 0.707355 0.6 0.629247 0.638261 0.594397 0.596879 0.635447 0.605369 0.62037 0.583138 0.526483 0.536957 0.608126 0.628447 0.593123 0.523154 0.559055 0.541754 0.615385 0.594663 0.652738 0.652397 0.53861 0.574526 0.657051 0.603704 0.630468 0.634895 0.575269 0.583893 0.569307 0.563081 0.634586 0.617247 0.55633 0.558456 0.618182 0.591588 0.612519 0.611594 0.593393 0.611111 0.649783 0.638941 0.614371 0.613281 0.556425 0.631673 
