1 0.751857 0.768688 0.658621 0.651578 0.751252 0.690678 0.679296 0.748227 0.666237 0.591633 0.591603 0.580559 0.619938 0.550773 0.635158 0.577465 0.624672 0.654021 0.604307 0.512195 0.556522 0.623588 0.638199 0.627622 0.553374 0.514212 0.498899 0.590769 0.637026 0.580599 0.599071 0.565972 0.634395 0.623932 0.614433 0.652318 0.57127 0.522044 0.574728 0.579418 0.618105 0.552204 0.637243 0.646774 0.642236 0.614964 0.639951 0.605893 0.752547 0.771635 0.612053 0.585603 0.6411 0.636672 0.603593 0.627075 0.634561 0.620553 0.547464 0.516432 0.520877 0.504283 0.707851 0.634424 0.532669 0.472222 0.590327 0.554307 0.652542 0.622074 0.630724 0.64613 0.616095 0.567742 0.720195 0.657106 0.687776 0.682963 0.629714 0.529609 0.580357 0.653409 0.636704 0.633766 0.655319 0.551471 0.621849 0.612532 0.491749 0.565972 
0.751857 1 0.738227 0.63575 0.681941 0.669935 0.732316 0.714096 0.646447 0.695817 0.568932 0.63204 0.612565 0.622901 0.599565 0.659091 0.578431 0.674839 0.699405 0.630952 0.536608 0.578778 0.671605 0.700152 0.630769 0.56401 0.532402 0.529859 0.600302 0.640916 0.598039 0.623672 0.59253 0.649123 0.648951 0.546185 0.722853 0.610318 0.547972 0.591455 0.592062 0.636111 0.561143 0.666667 0.668246 0.672372 0.602496 0.671117 0.600719 0.768571 0.708876 0.641544 0.58444 0.676136 0.639535 0.627358 0.674623 0.671766 0.673575 0.589514 0.539884 0.573635 0.548046 0.701266 0.696927 0.553493 0.51066 0.629888 0.578624 0.683773 0.666121 0.634783 0.625387 0.651102 0.587563 0.633533 0.673077 0.705202 0.704942 0.640766 0.571586 0.634881 0.669456 0.649877 0.660281 0.632312 0.576302 0.618203 0.623899 0.54013 0.585739 
0.768688 0.738227 1 0.627981 0.699229 0.674383 0.76354 0.714467 0.652529 0.713939 0.568058 0.643114 0.6225 0.615051 0.589529 0.622699 0.494505 0.665845 0.677966 0.650253 0.573991 0.614035 0.659574 0.611833 0.587762 0.585648 0.568651 0.563218 0.600858 0.643537 0.641333 0.640288 0.5456 0.713429 0.660453 0.526217 0.69219 0.631468 0.581662 0.614013 0.635207 0.613757 0.626784 0.691781 0.621824 0.701405 0.561139 0.701163 0.550676 0.758152 0.783201 0.57069 0.554174 0.668919 0.634796 0.665158 0.675481 0.645033 0.653465 0.622249 0.591565 0.578947 0.564598 0.697337 0.664894 0.584034 0.536729 0.618351 0.591765 0.68428 0.647604 0.61157 0.640762 0.649318 0.634709 0.72101 0.708333 0.696429 0.68232 0.656926 0.606992 0.613445 0.641434 0.650588 0.659341 0.677719 0.536256 0.675737 0.649819 0.578288 0.5792 
0.658621 0.63575 0.627981 1 0.545455 0.703276 0.558917 0.567527 0.68595 0.558908 0.625592 0.491501 0.505216 0.592527 0.485472 0.640535 0.666667 0.541056 0.592401 0.556561 0.416836 0.464286 0.53417 0.618794 0.630081 0.443537 0.445245 0.432367 0.557895 0.539604 0.505636 0.565371 0.584677 0.560284 0.580386 0.619753 0.624046 0.484108 0.430283 0.513719 0.47543 0.580542 0.47954 0.528782 0.664815 0.54069 0.690171 0.536252 0.684665 0.602965 0.535904 0.651885 0.663594 0.574468 0.644401 0.55894 0.522048 0.608626 0.528719 0.490566 0.450777 0.470387 0.421546 0.548063 0.561798 0.45565 0.401345 0.5313 0.485437 0.574841 0.588803 0.616415 0.625678 0.530973 0.492086 0.592992 0.60262 0.594324 0.615126 0.498113 0.479755 0.515625 0.548077 0.554785 0.547826 0.56 0.605603 0.520584 0.512821 0.419783 0.570565 
0.651578 0.681941 0.699229 0.545455 1 0.646707 0.830116 0.826733 0.597156 0.726627 0.527145 0.690058 0.64878 0.61744 0.622564 0.630952 0.475265 0.690734 0.739011 0.653941 0.61674 0.651163 0.700924 0.666199 0.592824 0.651584 0.603796 0.623337 0.611961 0.660927 0.675325 0.643357 0.578295 0.701405 0.700389 0.505415 0.668648 0.673216 0.656982 0.654658 0.683281 0.623711 0.640172 0.758929 0.593614 0.735698 0.504052 0.734091 0.495098 0.740741 0.706992 0.571667 0.512864 0.693421 0.629179 0.682522 0.74061 0.683871 0.811594 0.647971 0.610206 0.639727 0.635095 0.732861 0.73057 0.623457 0.596542 0.620466 0.642529 0.698842 0.685157 0.655496 0.622507 0.666264 0.652844 0.675645 0.648325 0.772727 0.721774 0.738347 0.618257 0.642438 0.692109 0.670115 0.705602 0.682171 0.559543 0.68071 0.694477 0.606339 0.595349 
0.751252 0.669935 0.674383 0.703276 0.646707 1 0.666151 0.657817 0.809145 0.61958 0.662132 0.575172 0.562319 0.611015 0.523077 0.666052 0.616973 0.613409 0.667224 0.580645 0.466667 0.521537 0.612772 0.680961 0.671233 0.533157 0.489481 0.476978 0.594227 0.6304 0.565625 0.6 0.625243 0.610497 0.609984 0.691038 0.675875 0.545998 0.493063 0.565926 0.531813 0.583591 0.524345 0.600522 0.695886 0.614247 0.669405 0.609333 0.672199 0.696486 0.626459 0.695745 0.653422 0.62381 0.649621 0.585271 0.601108 0.629457 0.611748 0.531073 0.484197 0.490524 0.485682 0.638268 0.627726 0.503563 0.453348 0.573209 0.528378 0.646059 0.702048 0.61526 0.632867 0.598278 0.553221 0.630749 0.610482 0.684466 0.679153 0.572482 0.505995 0.53527 0.62675 0.617568 0.624824 0.613354 0.616977 0.560881 0.585298 0.459906 0.613592 
0.690678 0.732316 0.76354 0.558917 0.830116 0.666151 1 0.792884 0.620915 0.716019 0.547273 0.688249 0.657071 0.627536 0.6174 0.639017 0.504587 0.701235 0.746818 0.646018 0.599641 0.63843 0.692308 0.663295 0.61129 0.63847 0.605839 0.60251 0.617478 0.660763 0.667557 0.629683 0.594551 0.703481 0.697333 0.530957 0.67638 0.678647 0.634799 0.646684 0.671975 0.62649 0.63956 0.744 0.60479 0.750293 0.515101 0.746217 0.509306 0.768707 0.704545 0.595855 0.52847 0.691475 0.649922 0.662514 0.742479 0.681698 0.733581 0.649939 0.586667 0.615308 0.6222 0.73697 0.743009 0.60673 0.594118 0.629827 0.624264 0.689153 0.69969 0.666207 0.643172 0.69603 0.654921 0.667816 0.66135 0.796424 0.727524 0.720477 0.583245 0.615385 0.698138 0.674912 0.691932 0.682603 0.564189 0.650397 0.687952 0.591432 0.612179 
0.679296 0.714096 0.714467 0.567527 0.826733 0.657817 0.792884 1 0.603421 0.736842 0.526678 0.682081 0.626506 0.617198 0.628426 0.643695 0.487847 0.709869 0.727642 0.63747 0.616594 0.640641 0.691781 0.66805 0.59447 0.63311 0.589683 0.608916 0.60631 0.664052 0.653846 0.651034 0.567939 0.693287 0.670935 0.505319 0.676428 0.665302 0.654596 0.646626 0.68037 0.637405 0.633369 0.732892 0.599428 0.736425 0.529506 0.733708 0.524116 0.766319 0.714599 0.572131 0.519393 0.667532 0.61976 0.660832 0.720418 0.677707 0.729117 0.620283 0.60043 0.649952 0.623889 0.714953 0.694373 0.610998 0.582303 0.630435 0.623864 0.700127 0.682422 0.654762 0.626405 0.671446 0.645199 0.674806 0.704492 0.811346 0.78382 0.72956 0.637577 0.646582 0.685824 0.673864 0.726737 0.664541 0.544141 0.700658 0.673635 0.592105 0.572519 
0.748227 0.646447 0.652529 0.68595 0.597156 0.809145 0.620915 0.603421 1 0.608824 0.716749 0.526087 0.51145 0.576923 0.48642 0.696252 0.685786 0.567568 0.625222 0.536321 0.43299 0.480583 0.563481 0.649635 0.67437 0.488178 0.454277 0.444581 0.557762 0.576271 0.509091 0.567273 0.625 0.593614 0.570957 0.781491 0.655512 0.513716 0.445676 0.509375 0.512531 0.576105 0.488251 0.560876 0.671756 0.575458 0.665929 0.570629 0.655481 0.656514 0.585598 0.724138 0.672249 0.569748 0.64503 0.533153 0.564774 0.613115 0.565611 0.478455 0.444444 0.453596 0.435561 0.603524 0.589786 0.45601 0.406393 0.514003 0.479433 0.602941 0.679283 0.607573 0.620112 0.542296 0.497791 0.581267 0.555887 0.638079 0.618307 0.526316 0.461827 0.511628 0.595395 0.577305 0.583086 0.627258 0.613839 0.537313 0.548105 0.416974 0.58125 
0.666237 0.695817 0.713939 0.558908 0.726627 0.61958 0.716019 0.736842 0.608824 1 0.519417 0.674058 0.638985 0.596306 0.631115 0.648122 0.469821 0.676538 0.655484 0.665891 0.624366 0.675676 0.680175 0.619737 0.559593 0.627283 0.569663 0.592773 0.578329 0.669576 0.619339 0.612861 0.549133 0.693674 0.668704 0.49584 0.715278 0.657791 0.625673 0.617371 0.666337 0.602673 0.615542 0.712619 0.577446 0.710098 0.50753 0.71521 0.500759 0.726027 0.723629 0.556414 0.480952 0.639405 0.592908 0.663512 0.727475 0.660584 0.667429 0.622599 0.597107 0.614525 0.619048 0.717805 0.678877 0.605496 0.58364 0.623932 0.627045 0.666262 0.658263 0.604035 0.614152 0.667048 0.628507 0.683369 0.657984 0.709434 0.668774 0.701312 0.616222 0.635556 0.662195 0.712105 0.691874 0.661389 0.515152 0.660695 0.673719 0.617561 0.544798 
0.591633 0.568932 0.568058 0.625592 0.527145 0.662132 0.547273 0.526678 0.716749 0.519417 1 0.449045 0.473862 0.530992 0.406417 0.658427 0.690265 0.491722 0.57485 0.459829 0.343612 0.401575 0.478873 0.567901 0.654589 0.414003 0.413961 0.378667 0.518293 0.513258 0.488029 0.534836 0.586124 0.502392 0.512868 0.737003 0.688341 0.42027 0.372619 0.472318 0.421196 0.484517 0.417614 0.467862 0.595238 0.48068 0.625641 0.479326 0.623377 0.58034 0.477745 0.764075 0.744382 0.542214 0.598608 0.460857 0.496 0.543796 0.49584 0.432079 0.399135 0.39 0.378866 0.499192 0.530275 0.394631 0.353808 0.466055 0.426128 0.554545 0.631818 0.518304 0.572632 0.48 0.445705 0.468374 0.453202 0.566219 0.553191 0.440725 0.408412 0.463259 0.538462 0.496112 0.50817 0.542962 0.668394 0.45037 0.466346 0.36751 0.58134 
0.591603 0.63204 0.643114 0.491501 0.690058 0.575172 0.688249 0.682081 0.526087 0.674058 0.449045 1 0.81984 0.666667 0.653101 0.631001 0.446228 0.685811 0.661147 0.620253 0.590604 0.657744 0.664139 0.61948 0.548711 0.737513 0.716667 0.66441 0.646907 0.736453 0.765417 0.630829 0.576923 0.658617 0.669082 0.445172 0.616438 0.689453 0.661922 0.722738 0.701961 0.571429 0.639676 0.673662 0.565684 0.676692 0.47181 0.676628 0.470852 0.632226 0.668058 0.515982 0.478125 0.658507 0.556643 0.658689 0.69967 0.668269 0.668927 0.643575 0.634969 0.627306 0.653774 0.706534 0.696019 0.655005 0.640255 0.628468 0.634304 0.701439 0.707182 0.591532 0.598155 0.651584 0.63596 0.651899 0.606943 0.691925 0.650437 0.675325 0.614104 0.652747 0.646988 0.670982 0.65067 0.67509 0.558209 0.690302 0.711454 0.674396 0.582621 
0.580559 0.612565 0.6225 0.505216 0.64878 0.562319 0.657071 0.626506 0.51145 0.638985 0.473862 0.81984 1 0.661664 0.621866 0.606628 0.423469 0.624853 0.628 0.625899 0.556612 0.619189 0.626126 0.614966 0.567119 0.68543 0.716763 0.63964 0.647773 0.728443 0.768939 0.635007 0.596702 0.650685 0.677175 0.439236 0.625899 0.64004 0.624426 0.736397 0.654822 0.572682 0.632739 0.638344 0.559775 0.638393 0.461659 0.637472 0.455836 0.59383 0.619718 0.506431 0.472727 0.648338 0.566176 0.632829 0.669336 0.627353 0.649412 0.662791 0.630965 0.591992 0.597073 0.652074 0.63602 0.609658 0.603951 0.652393 0.633408 0.687109 0.677794 0.572917 0.60221 0.62073 0.615473 0.619934 0.581585 0.637662 0.624021 0.646998 0.581136 0.634286 0.674214 0.627803 0.671312 0.650754 0.555906 0.632035 0.647194 0.657 0.596702 
0.619938 0.622901 0.615051 0.592527 0.61744 0.611015 0.627536 0.617198 0.576923 0.596306 0.530992 0.666667 0.661664 1 0.55518 0.635897 0.507307 0.598118 0.650546 0.595862 0.462786 0.54102 0.572529 0.615016 0.619134 0.617315 0.628307 0.592135 0.678797 0.717066 0.696925 0.683121 0.654122 0.573664 0.656433 0.503212 0.645051 0.572727 0.55 0.644847 0.589041 0.563135 0.542654 0.583436 0.60299 0.603558 0.539623 0.602774 0.535238 0.617339 0.556511 0.573099 0.560484 0.616642 0.633976 0.569155 0.596078 0.613372 0.577598 0.571238 0.549161 0.557447 0.537118 0.599473 0.643796 0.543503 0.530398 0.611679 0.607918 0.669565 0.651724 0.628225 0.64878 0.572973 0.570674 0.569652 0.563418 0.626324 0.616438 0.549592 0.530217 0.596606 0.625364 0.60281 0.603723 0.646288 0.602662 0.609816 0.620419 0.537598 0.625448 
0.550773 0.599565 0.589529 0.485472 0.622564 0.523077 0.6174 0.628426 0.48642 0.631115 0.406417 0.653101 0.621866 0.55518 1 0.555948 0.395693 0.633929 0.59558 0.589484 0.628811 0.638079 0.657718 0.624719 0.513447 0.637135 0.588235 0.666378 0.553571 0.590129 0.598733 0.561659 0.478102 0.628516 0.591772 0.385773 0.517647 0.702797 0.676849 0.626273 0.701754 0.579224 0.620036 0.656104 0.550808 0.661275 0.455919 0.661306 0.451204 0.622722 0.652134 0.455598 0.428947 0.608324 0.508982 0.631822 0.619048 0.648109 0.652736 0.619704 0.618397 0.701827 0.655085 0.634409 0.626976 0.643168 0.669951 0.554268 0.613181 0.631027 0.560427 0.581798 0.5438 0.606574 0.596474 0.618914 0.642646 0.607568 0.572204 0.657449 0.653812 0.628155 0.609474 0.680993 0.673228 0.640379 0.506329 0.668211 0.626459 0.613853 0.495134 
0.635158 0.659091 0.622699 0.640535 0.630952 0.666052 0.639017 0.643695 0.696252 0.648122 0.658427 0.631001 0.606628 0.635897 0.555948 1 0.681818 0.622695 0.659468 0.599125 0.461843 0.531866 0.606757 0.715503 0.695146 0.569921 0.541144 0.519389 0.655986 0.648649 0.607143 0.633277 0.668593 0.590659 0.651163 0.67757 0.659963 0.558859 0.500531 0.600884 0.572282 0.572308 0.519255 0.587013 0.648313 0.59893 0.635438 0.596817 0.633745 0.715873 0.594839 0.748945 0.680525 0.629338 0.663534 0.551414 0.603306 0.710324 0.621083 0.563202 0.52327 0.524972 0.522235 0.631944 0.685759 0.518913 0.497268 0.591331 0.557796 0.683564 0.757856 0.640323 0.666667 0.594864 0.532033 0.562092 0.583099 0.694534 0.666667 0.559902 0.534606 0.607978 0.666151 0.646505 0.619916 0.635802 0.685832 0.581186 0.613793 0.495305 0.641618 
0.577465 0.578431 0.494505 0.666667 0.475265 0.616973 0.504587 0.487847 0.685786 0.469821 0.690265 0.446228 0.423469 0.507307 0.395693 0.681818 1 0.475793 0.53629 0.465517 0.328904 0.375165 0.44795 0.575884 0.611247 0.378834 0.363339 0.354362 0.478439 0.468451 0.410781 0.482402 0.547216 0.438907 0.48423 0.742236 0.553288 0.402721 0.336527 0.418848 0.410397 0.487132 0.39485 0.432229 0.582057 0.44704 0.685714 0.444444 0.686842 0.540076 0.446936 0.758152 0.698006 0.482955 0.584507 0.41369 0.45 0.502762 0.451342 0.405941 0.364296 0.371069 0.357977 0.473941 0.507407 0.383784 0.321384 0.440741 0.394984 0.482569 0.581609 0.519455 0.542553 0.463866 0.416667 0.453718 0.480132 0.531008 0.53125 0.414326 0.379781 0.42351 0.512015 0.460815 0.469522 0.48155 0.590551 0.432836 0.452342 0.341823 0.542373 
0.624672 0.674839 0.665845 0.541056 0.690734 0.613409 0.701235 0.709869 0.567568 0.676538 0.491722 0.685811 0.624853 0.598118 0.633929 0.622695 0.475793 1 0.802891 0.624852 0.565068 0.610568 0.670745 0.660858 0.593472 0.636859 0.584475 0.614851 0.613032 0.635787 0.62391 0.631016 0.569322 0.665163 0.641791 0.482112 0.623229 0.626 0.614545 0.645585 0.633534 0.624227 0.630705 0.680301 0.602493 0.681367 0.516923 0.682366 0.506977 0.679341 0.682013 0.556082 0.532468 0.633039 0.606368 0.643543 0.692655 0.694307 0.664344 0.629162 0.591195 0.633962 0.61583 0.681456 0.700621 0.640796 0.597765 0.606211 0.61794 0.674074 0.65 0.623877 0.616327 0.675581 0.652223 0.630952 0.644419 0.68886 0.660232 0.662231 0.610833 0.630926 0.688586 0.65227 0.673165 0.667906 0.547988 0.66631 0.664027 0.591494 0.556047 
0.654021 0.699405 0.677966 0.592401 0.739011 0.667224 0.746818 0.727642 0.625222 0.655484 0.57485 0.661147 0.628 0.650546 0.59558 0.659468 0.53629 0.802891 1 0.623989 0.529577 0.589772 0.654523 0.693624 0.67951 0.601966 0.57956 0.596472 0.645609 0.651095 0.638571 0.666667 0.613913 0.66199 0.681883 0.547521 0.674959 0.618729 0.591775 0.636735 0.62486 0.633144 0.614402 0.691283 0.654281 0.708955 0.57404 0.703704 0.562731 0.725947 0.658243 0.639623 0.612086 0.666667 0.676871 0.642686 0.689258 0.696454 0.689974 0.613281 0.555817 0.574713 0.56806 0.697165 0.717949 0.593126 0.554068 0.605413 0.59875 0.683168 0.721943 0.653846 0.658228 0.65786 0.639535 0.63581 0.646214 0.764012 0.700297 0.646453 0.565996 0.591315 0.702703 0.6525 0.685306 0.660511 0.611418 0.647837 0.660691 0.585903 0.664348 
0.604307 0.630952 0.650253 0.556561 0.653941 0.580645 0.646018 0.63747 0.536321 0.665891 0.459829 0.620253 0.625899 0.595862 0.589484 0.599125 0.465517 0.624852 0.623989 1 0.625762 0.647059 0.696591 0.636864 0.566412 0.575724 0.574096 0.603431 0.635743 0.608583 0.598214 0.60631 0.60698 0.633641 0.647134 0.441901 0.614265 0.607543 0.575393 0.626374 0.617195 0.592405 0.607407 0.638462 0.584637 0.635135 0.508716 0.63311 0.5 0.628571 0.640437 0.514658 0.490787 0.647287 0.599702 0.626362 0.655889 0.627376 0.64133 0.61385 0.580749 0.606148 0.573255 0.652326 0.647583 0.564909 0.559242 0.629771 0.632353 0.647282 0.619677 0.611842 0.624302 0.619501 0.600233 0.636464 0.628235 0.643045 0.659631 0.63048 0.591002 0.626298 0.6277 0.632353 0.643611 0.609137 0.539075 0.622271 0.631214 0.594758 0.559939 
0.512195 0.536608 0.573991 0.416836 0.61674 0.466667 0.599641 0.616594 0.43299 0.624366 0.343612 0.590604 0.556612 0.462786 0.628811 0.461843 0.328904 0.565068 0.529577 0.625762 1 0.640271 0.643392 0.494286 0.421268 0.555283 0.531356 0.623288 0.467803 0.513736 0.528455 0.494297 0.417515 0.601175 0.554152 0.328844 0.49604 0.64954 0.665242 0.539405 0.650769 0.512129 0.604101 0.657745 0.45614 0.644096 0.3826 0.647494 0.373024 0.555352 0.646204 0.375667 0.359783 0.577028 0.457286 0.638195 0.615643 0.538669 0.597425 0.577021 0.578696 0.660557 0.609702 0.614539 0.54734 0.604278 0.613208 0.531109 0.58575 0.559246 0.471116 0.509695 0.484119 0.58677 0.57409 0.596091 0.575448 0.560369 0.541166 0.661983 0.604919 0.572269 0.536937 0.597349 0.607993 0.534653 0.392632 0.628733 0.587542 0.602281 0.419552 
0.556522 0.578778 0.614035 0.464286 0.651163 0.521537 0.63843 0.640641 0.480583 0.675676 0.401575 0.657744 0.619189 0.54102 0.638079 0.531866 0.375165 0.610568 0.589772 0.647059 0.640271 1 0.763482 0.558628 0.486779 0.616744 0.5706 0.639555 0.552747 0.600423 0.596254 0.557395 0.516746 0.637321 0.639293 0.383893 0.542824 0.690846 0.644674 0.61245 0.727903 0.54395 0.637255 0.676173 0.513636 0.665728 0.420792 0.664799 0.417186 0.608237 0.677656 0.452592 0.410853 0.590957 0.517079 0.686758 0.658677 0.614907 0.642787 0.616132 0.615108 0.63711 0.633166 0.672131 0.610592 0.635426 0.651786 0.583593 0.630537 0.633264 0.551282 0.561366 0.534155 0.612967 0.600966 0.668207 0.602726 0.624068 0.574332 0.680176 0.625974 0.632184 0.61722 0.6541 0.639806 0.60829 0.461443 0.668801 0.651631 0.621899 0.486842 
0.623588 0.671605 0.659574 0.53417 0.700924 0.612772 0.692308 0.691781 0.563481 0.680175 0.478873 0.664139 0.626126 0.572529 0.657718 0.606757 0.44795 0.670745 0.654523 0.696591 0.643392 0.763482 1 0.636364 0.561354 0.632353 0.575192 0.632536 0.597205 0.64034 0.601432 0.596424 0.544179 0.672451 0.663886 0.459807 0.624831 0.689855 0.602643 0.62772 0.703201 0.601896 0.634635 0.685685 0.582563 0.691083 0.49781 0.691983 0.488235 0.699029 0.700722 0.535928 0.486943 0.694444 0.586777 0.701646 0.675 0.648873 0.689732 0.626932 0.60364 0.67032 0.607843 0.718818 0.665476 0.617308 0.603246 0.613095 0.63113 0.669823 0.619048 0.619165 0.612987 0.654749 0.626096 0.67049 0.653761 0.702206 0.650246 0.668972 0.621124 0.655809 0.65874 0.676972 0.715546 0.625891 0.508076 0.696907 0.676823 0.594646 0.532959 
0.638199 0.700152 0.611833 0.618794 0.666199 0.680961 0.663295 0.66805 0.649635 0.619737 0.567901 0.61948 0.614966 0.615016 0.624719 0.715503 0.575884 0.660858 0.693624 0.636864 0.494286 0.558628 0.636364 1 0.705036 0.589487 0.548813 0.540359 0.664038 0.649254 0.605839 0.633333 0.642857 0.613784 0.661808 0.567164 0.644558 0.594104 0.528513 0.605556 0.575171 0.599132 0.550827 0.638718 0.67053 0.646388 0.590226 0.645283 0.58444 0.694486 0.623775 0.64466 0.598394 0.666667 0.642234 0.587302 0.64146 0.689855 0.685061 0.616202 0.535885 0.579618 0.550109 0.675427 0.684134 0.594138 0.535565 0.62591 0.601274 0.65896 0.701031 0.639939 0.63047 0.632075 0.570487 0.626551 0.621838 0.719457 0.688923 0.623981 0.552901 0.606771 0.718023 0.648408 0.697613 0.619739 0.617424 0.583843 0.626632 0.540873 0.641071 
0.627622 0.630769 0.587762 0.630081 0.592824 0.671233 0.61129 0.59447 0.67437 0.559593 0.654589 0.548711 0.567119 0.619134 0.513447 0.695146 0.611247 0.593472 0.67951 0.566412 0.421268 0.486779 0.561354 0.705036 1 0.521321 0.494169 0.468293 0.63879 0.605351 0.549755 0.594982 0.680328 0.550933 0.614007 0.634761 0.624031 0.508642 0.464835 0.557099 0.492556 0.568659 0.503876 0.552097 0.661654 0.566248 0.632609 0.562932 0.641758 0.622705 0.549731 0.722348 0.657277 0.613599 0.616766 0.526104 0.569784 0.653722 0.611028 0.522761 0.477749 0.477012 0.483452 0.592163 0.652032 0.527607 0.450226 0.577236 0.518934 0.590323 0.696078 0.575552 0.649541 0.586567 0.518195 0.555858 0.552283 0.639594 0.611584 0.54892 0.482032 0.537356 0.62987 0.57784 0.609971 0.554295 0.642544 0.512752 0.564842 0.47503 0.686475 
0.553374 0.56401 0.585648 0.443537 0.651584 0.533157 0.63847 0.63311 0.488178 0.627283 0.414003 0.737513 0.68543 0.617315 0.637135 0.569921 0.378834 0.636859 0.601966 0.575724 0.555283 0.616744 0.632353 0.589487 0.521321 1 0.808396 0.658514 0.652174 0.769322 0.703271 0.611735 0.590971 0.630851 0.624271 0.410937 0.550725 0.642925 0.612316 0.640853 0.644423 0.534803 0.60177 0.62831 0.503226 0.634375 0.41394 0.636646 0.406877 0.577197 0.635258 0.476676 0.45142 0.570922 0.50672 0.624242 0.641791 0.620209 0.634573 0.612554 0.612711 0.628032 0.665748 0.636266 0.65035 0.6569 0.649512 0.609557 0.618201 0.625724 0.605578 0.544471 0.540609 0.618839 0.609677 0.603889 0.571584 0.611511 0.580723 0.628155 0.606667 0.636848 0.634459 0.650628 0.655135 0.653488 0.543634 0.639676 0.655283 0.585526 0.552668 
0.514212 0.532402 0.568651 0.445245 0.603796 0.489481 0.605839 0.589683 0.454277 0.569663 0.413961 0.716667 0.716763 0.628307 0.588235 0.541144 0.363339 0.584475 0.57956 0.574096 0.531356 0.5706 0.575192 0.548813 0.494169 0.808396 1 0.623288 0.633508 0.6775 0.753374 0.630263 0.550725 0.605117 0.628676 0.377295 0.547354 0.603755 0.598022 0.678824 0.609127 0.545676 0.595287 0.600425 0.495913 0.60827 0.401813 0.607568 0.394216 0.561798 0.578224 0.449612 0.425159 0.58882 0.500711 0.59431 0.60981 0.585366 0.600229 0.648924 0.60766 0.573694 0.599237 0.601571 0.596083 0.588004 0.606814 0.624235 0.624044 0.624088 0.58427 0.562579 0.53012 0.611239 0.619798 0.573718 0.553916 0.596469 0.581749 0.598584 0.583746 0.611359 0.617359 0.615301 0.625566 0.598291 0.512158 0.619852 0.63058 0.609971 0.565217 
0.498899 0.529859 0.563218 0.432367 0.623337 0.476978 0.60251 0.608916 0.444581 0.592773 0.378667 0.66441 0.63964 0.592135 0.666378 0.519389 0.354362 0.614851 0.596472 0.603431 0.623288 0.639555 0.632536 0.540359 0.468293 0.658514 0.623288 1 0.63029 0.62848 0.638567 0.576063 0.493932 0.616651 0.603158 0.360164 0.501174 0.712914 0.686196 0.644309 0.71366 0.537173 0.618018 0.658605 0.490783 0.649573 0.396985 0.65628 0.390645 0.558289 0.616667 0.436457 0.426509 0.584665 0.51135 0.618652 0.617847 0.593291 0.600794 0.600787 0.61 0.669983 0.638748 0.620488 0.594111 0.640313 0.657377 0.557308 0.622498 0.629707 0.552009 0.557838 0.524404 0.583499 0.600196 0.607477 0.561576 0.579288 0.561213 0.635797 0.605424 0.597868 0.59979 0.653956 0.615914 0.64638 0.469697 0.634598 0.62233 0.625756 0.504854 
0.590769 0.600302 0.600858 0.557895 0.611961 0.594227 0.617478 0.60631 0.557762 0.578329 0.518293 0.646907 0.647773 0.678797 0.553571 0.655986 0.478439 0.613032 0.645609 0.635743 0.467803 0.552747 0.597205 0.664038 0.63879 0.652174 0.633508 0.63029 1 0.732249 0.704776 0.693396 0.706714 0.569032 0.674855 0.484211 0.622896 0.558559 0.525304 0.634986 0.569005 0.559541 0.561033 0.563035 0.627869 0.577358 0.522305 0.574282 0.512195 0.602659 0.554745 0.571977 0.527778 0.643172 0.599309 0.558788 0.589909 0.603448 0.594126 0.59025 0.573634 0.5327 0.531385 0.601043 0.637807 0.531915 0.512474 0.629149 0.585335 0.65043 0.707483 0.596702 0.621188 0.602941 0.559477 0.568965 0.560106 0.641256 0.613534 0.543353 0.537853 0.599483 0.629683 0.591656 0.605263 0.615827 0.651685 0.566221 0.604922 0.555061 0.637809 
0.637026 0.640916 0.643537 0.539604 0.660927 0.6304 0.660763 0.664052 0.576271 0.669576 0.513258 0.736453 0.728443 0.717066 0.590129 0.648649 0.468451 0.635787 0.651095 0.608583 0.513736 0.600423 0.64034 0.649254 0.605351 0.769322 0.6775 0.62848 0.732249 1 0.748281 0.662202 0.662791 0.628853 0.671703 0.499022 0.642857 0.617965 0.570312 0.682415 0.628261 0.581173 0.56982 0.615475 0.572755 0.624549 0.508711 0.622461 0.504394 0.659187 0.622378 0.570916 0.518519 0.630404 0.614634 0.578397 0.627936 0.646175 0.644586 0.602516 0.578588 0.576219 0.591667 0.656289 0.663923 0.588805 0.576152 0.640604 0.621524 0.671662 0.689103 0.583215 0.62519 0.621173 0.574282 0.600236 0.588903 0.683688 0.629101 0.605993 0.592834 0.649383 0.663014 0.652963 0.658291 0.674419 0.631579 0.620489 0.647277 0.558289 0.627907 
0.580599 0.598039 0.641333 0.505636 0.675325 0.565625 0.667557 0.653846 0.509091 0.619339 0.488029 0.765417 0.768939 0.696925 0.598733 0.607143 0.410781 0.62391 0.638571 0.598214 0.528455 0.596254 0.601432 0.605839 0.549755 0.703271 0.753374 0.638567 0.704776 0.748281 1 0.701601 0.6094 0.616223 0.69179 0.435361 0.637209 0.637913 0.60924 0.732304 0.66738 0.581551 0.607973 0.626728 0.574887 0.644208 0.471986 0.633803 0.467466 0.629121 0.597938 0.512238 0.497297 0.659836 0.577778 0.610731 0.658981 0.610442 0.65 0.658025 0.611422 0.581582 0.606154 0.641809 0.638441 0.616525 0.597236 0.641129 0.627078 0.676903 0.647887 0.594708 0.581602 0.623279 0.634804 0.589803 0.582921 0.658333 0.638268 0.623362 0.599359 0.641212 0.645638 0.614014 0.636252 0.63941 0.567521 0.643021 0.658566 0.613684 0.632091 
0.599071 0.623672 0.640288 0.565371 0.643357 0.6 0.629683 0.651034 0.567273 0.612861 0.534836 0.630829 0.635007 0.683121 0.561659 0.633277 0.482402 0.631016 0.666667 0.60631 0.494297 0.557395 0.596424 0.633333 0.594982 0.611735 0.630263 0.576063 0.693396 0.662202 0.701601 1 0.672598 0.573281 0.649709 0.4862 0.661017 0.567873 0.530488 0.652355 0.579545 0.577201 0.564858 0.586716 0.610561 0.60177 0.539326 0.598494 0.533081 0.627043 0.559902 0.549323 0.544 0.629247 0.638261 0.594397 0.596879 0.635838 0.605369 0.618543 0.585919 0.526483 0.536957 0.608126 0.628447 0.559055 0.541754 0.615385 0.594663 0.652738 0.652397 0.630468 0.634895 0.575269 0.57293 0.569307 0.563081 0.634586 0.617247 0.55633 0.558456 0.618182 0.611594 0.593393 0.611111 0.649783 0.637736 0.625153 0.613281 0.556425 0.631673 
0.565972 0.59253 0.5456 0.584677 0.578295 0.625243 0.594551 0.567939 0.625 0.549133 0.586124 0.576923 0.596702 0.654122 0.478102 0.668593 0.547216 0.569322 0.613913 0.60698 0.417515 0.516746 0.544179 0.642857 0.680328 0.590971 0.550725 0.493932 0.706714 0.662791 0.6094 0.672598 1 0.524964 0.585761 0.561097 0.630769 0.493858 0.449672 0.604294 0.498765 0.508828 0.512853 0.507402 0.600746 0.521498 0.571121 0.517194 0.56427 0.578773 0.510695 0.63311 0.6 0.586491 0.611881 0.524634 0.585122 0.585209 0.555556 0.545985 0.492188 0.461098 0.482353 0.551227 0.612278 0.492063 0.462838 0.620355 0.541144 0.596154 0.696498 0.551433 0.617486 0.575668 0.506512 0.498645 0.500732 0.618487 0.580372 0.498104 0.467324 0.548571 0.582258 0.543933 0.553936 0.563607 0.63913 0.504673 0.553009 0.489697 0.650406 
0.634395 0.649123 0.713429 0.560284 0.701405 0.610497 0.703481 0.693287 0.593614 0.693674 0.502392 0.658617 0.650685 0.573664 0.628516 0.590659 0.438907 0.665163 0.66199 0.633641 0.601175 0.637321 0.672451 0.613784 0.550933 0.630851 0.605117 0.616651 0.569032 0.628853 0.616223 0.573281 0.524964 1 0.678356 0.454098 0.640604 0.672532 0.620659 0.626016 0.653582 0.611779 0.646403 0.709034 0.594631 0.711828 0.511144 0.708333 0.511976 0.683498 0.706374 0.521341 0.499218 0.686275 0.581232 0.667708 0.731278 0.630566 0.696833 0.628635 0.616172 0.618652 0.619452 0.692905 0.653382 0.607004 0.588879 0.635266 0.617711 0.709484 0.59751 0.603491 0.605541 0.671574 0.656667 0.658923 0.649103 0.691542 0.66375 0.698 0.608824 0.620462 0.662244 0.721382 0.675978 0.626506 0.515695 0.659708 0.654906 0.613153 0.510699 
0.623932 0.648951 0.660453 0.580386 0.700389 0.609984 0.697333 0.670935 0.570957 0.668704 0.512868 0.669082 0.677175 0.656433 0.591772 0.651163 0.48423 0.641791 0.681883 0.647134 0.554152 0.639293 0.663886 0.661808 0.614007 0.624271 0.628676 0.603158 0.674855 0.671703 0.69179 0.649709 0.585761 0.678356 1 0.485768 0.662539 0.632979 0.585577 0.677378 0.621795 0.616822 0.627212 0.681243 0.635952 0.688312 0.544068 0.688159 0.536752 0.666667 0.683066 0.560209 0.553957 0.705321 0.645008 0.63626 0.676364 0.685829 0.66417 0.647349 0.596197 0.59 0.591189 0.710623 0.66443 0.58836 0.568047 0.633557 0.615658 0.684 0.64375 0.66064 0.657778 0.655 0.636475 0.655093 0.6267 0.700416 0.668061 0.672846 0.592316 0.651332 0.680965 0.652432 0.690887 0.658635 0.624573 0.637714 0.65534 0.59306 0.590615 
0.614433 0.546185 0.526217 0.619753 0.505415 0.691038 0.530957 0.505319 0.781491 0.49584 0.737003 0.445172 0.439236 0.503212 0.385773 0.67757 0.742236 0.482112 0.547521 0.441901 0.328844 0.383893 0.459807 0.567164 0.634761 0.410937 0.377295 0.360164 0.484211 0.499022 0.435361 0.4862 0.561097 0.454098 0.485768 1 0.564103 0.403873 0.349939 0.424242 0.404729 0.468045 0.385735 0.45092 0.593258 0.465079 0.621984 0.460692 0.630435 0.546875 0.456621 0.775281 0.772861 0.48062 0.589372 0.428788 0.465461 0.516008 0.460616 0.402357 0.366322 0.365262 0.361001 0.491694 0.513258 0.372253 0.327478 0.439394 0.389776 0.510319 0.638298 0.515936 0.548035 0.459691 0.415 0.463679 0.469595 0.553571 0.548 0.422857 0.363889 0.417077 0.516068 0.469649 0.47563 0.526415 0.617886 0.43465 0.47117 0.346049 0.55611 
0.652318 0.722853 0.69219 0.624046 0.668648 0.675875 0.67638 0.676428 0.655512 0.715278 0.688341 0.616438 0.625899 0.645051 0.517647 0.659963 0.553288 0.623229 0.674959 0.614265 0.49604 0.542824 0.624831 0.644558 0.624031 0.550725 0.547354 0.501174 0.622896 0.642857 0.637209 0.661017 0.630769 0.640604 0.662539 0.564103 1 0.557007 0.5138 0.614706 0.553699 0.565284 0.539702 0.610895 0.620567 0.623498 0.587398 0.621192 0.581109 0.684628 0.613402 0.629474 0.628821 0.702362 0.679174 0.612323 0.661623 0.636923 0.630156 0.590463 0.537688 0.515521 0.519362 0.644938 0.675425 0.515939 0.481441 0.608964 0.571812 0.68865 0.691882 0.607085 0.689775 0.598291 0.566064 0.573107 0.576653 0.699839 0.710824 0.592186 0.539928 0.614011 0.649691 0.6 0.637255 0.651772 0.631148 0.604891 0.595041 0.533412 0.623077 
0.57127 0.610318 0.631468 0.484108 0.673216 0.545998 0.678647 0.665302 0.513716 0.657791 0.42027 0.689453 0.64004 0.572727 0.702797 0.558859 0.402721 0.626 0.618729 0.607543 0.64954 0.690846 0.689855 0.594104 0.508642 0.642925 0.603755 0.712914 0.558559 0.617965 0.637913 0.567873 0.493858 0.672532 0.632979 0.403873 0.557007 1 0.733819 0.648871 0.791519 0.57037 0.633636 0.710798 0.527972 0.712368 0.442748 0.712107 0.435339 0.634595 0.683178 0.477243 0.444149 0.625404 0.540508 0.661696 0.674829 0.626059 0.675025 0.632572 0.622936 0.673913 0.661263 0.700493 0.632306 0.659947 0.68595 0.575983 0.61309 0.679704 0.593301 0.579235 0.548795 0.64759 0.631787 0.664151 0.619901 0.678299 0.62103 0.697215 0.633716 0.604697 0.636943 0.692974 0.676587 0.635207 0.48977 0.684407 0.660784 0.635571 0.5 
0.522044 0.547972 0.581662 0.430283 0.656982 0.493063 0.634799 0.654596 0.445676 0.625673 0.372619 0.661922 0.624426 0.55 0.676849 0.500531 0.336527 0.614545 0.591775 0.575393 0.665242 0.644674 0.602643 0.528513 0.464835 0.612316 0.598022 0.686196 0.525304 0.570312 0.60924 0.530488 0.449672 0.620659 0.585577 0.349939 0.5138 0.733819 1 0.61825 0.701299 0.523445 0.6275 0.681545 0.478079 0.671041 0.390519 0.673629 0.38706 0.572683 0.659829 0.413119 0.375587 0.579203 0.481122 0.641091 0.655665 0.583333 0.621696 0.607949 0.608403 0.664352 0.669025 0.660987 0.585975 0.630137 0.674809 0.545629 0.615452 0.614723 0.543803 0.521182 0.494336 0.596715 0.601078 0.615517 0.579186 0.602753 0.580454 0.70404 0.623682 0.597148 0.590211 0.633889 0.618231 0.584851 0.438776 0.680615 0.624107 0.646351 0.45733 
0.574728 0.591455 0.614013 0.513719 0.654658 0.565926 0.646684 0.646626 0.509375 0.617371 0.472318 0.722738 0.736397 0.644847 0.626273 0.600884 0.418848 0.645585 0.636735 0.626374 0.539405 0.61245 0.62772 0.605556 0.557099 0.640853 0.678824 0.644309 0.634986 0.682415 0.732304 0.652355 0.604294 0.626016 0.677378 0.424242 0.614706 0.648871 0.61825 1 0.784536 0.570881 0.649254 0.637874 0.586207 0.641317 0.496795 0.638106 0.483037 0.601573 0.606828 0.514003 0.51017 0.650587 0.578947 0.631175 0.655413 0.634271 0.662275 0.674556 0.62931 0.572534 0.59901 0.642438 0.6457 0.609806 0.602099 0.706033 0.653364 0.679847 0.623145 0.618858 0.627645 0.63789 0.639248 0.61804 0.595492 0.646358 0.640479 0.623554 0.627188 0.680233 0.630769 0.616876 0.634752 0.667093 0.596774 0.641364 0.665501 0.611167 0.565951 
0.579418 0.592062 0.635207 0.47543 0.683281 0.531813 0.671975 0.68037 0.512531 0.666337 0.421196 0.701961 0.654822 0.589041 0.701754 0.572282 0.410397 0.633534 0.62486 0.617195 0.650769 0.727903 0.703201 0.575171 0.492556 0.644423 0.609127 0.71366 0.569005 0.628261 0.66738 0.579545 0.498765 0.653582 0.621795 0.404729 0.553699 0.791519 0.701299 0.784536 1 0.58661 0.649635 0.70688 0.543326 0.699711 0.460358 0.701435 0.451737 0.638436 0.674484 0.470588 0.434492 0.610811 0.54678 0.673527 0.676499 0.631915 0.659617 0.632104 0.632597 0.651846 0.655822 0.692384 0.639274 0.635004 0.660862 0.613661 0.643478 0.681529 0.590144 0.580681 0.564014 0.636089 0.619425 0.657197 0.618382 0.635268 0.59736 0.692516 0.662533 0.641454 0.651386 0.684058 0.694223 0.632588 0.494859 0.702905 0.667323 0.654418 0.508642 
0.618105 0.636111 0.613757 0.580542 0.623711 0.583591 0.62649 0.637405 0.576105 0.602673 0.484517 0.571429 0.572682 0.563135 0.579224 0.572308 0.487132 0.624227 0.633144 0.592405 0.512129 0.54395 0.601896 0.599132 0.568659 0.534803 0.545676 0.537173 0.559541 0.581173 0.581551 0.577201 0.508828 0.611779 0.616822 0.468045 0.565284 0.57037 0.523445 0.570881 0.58661 1 0.661166 0.606407 0.617691 0.611502 0.573109 0.608392 0.562712 0.652589 0.600683 0.538062 0.518717 0.612466 0.58805 0.597506 0.598795 0.632138 0.62531 0.584559 0.548387 0.548259 0.519878 0.606796 0.602667 0.547368 0.525025 0.576 0.563679 0.61457 0.567442 0.651934 0.597059 0.613665 0.604623 0.604143 0.643735 0.621212 0.596953 0.579176 0.558386 0.580024 0.611185 0.59434 0.607099 0.573138 0.507614 0.585227 0.565742 0.535565 0.526485 
0.552204 0.561143 0.626784 0.47954 0.640172 0.524345 0.63956 0.633369 0.488251 0.615542 0.417614 0.639676 0.632739 0.542654 0.620036 0.519255 0.39485 0.630705 0.614402 0.607407 0.604101 0.637255 0.634635 0.550827 0.503876 0.60177 0.595287 0.618018 0.561033 0.56982 0.607973 0.564858 0.512853 0.646403 0.627212 0.385735 0.539702 0.633636 0.6275 0.649254 0.649635 0.661166 1 0.65792 0.552311 0.65144 0.458667 0.649556 0.44698 0.591676 0.642166 0.45839 0.431564 0.629339 0.542351 0.662488 0.675127 0.595815 0.649324 0.648816 0.61575 0.619828 0.616197 0.642492 0.6 0.632579 0.599659 0.627624 0.651047 0.615385 0.53875 0.589306 0.602395 0.614583 0.62436 0.646484 0.610939 0.618615 0.59293 0.675952 0.658159 0.629817 0.598234 0.614157 0.634774 0.571114 0.459786 0.644444 0.642276 0.633663 0.497429 
0.637243 0.666667 0.691781 0.528782 0.758929 0.600522 0.744 0.732892 0.560876 0.712619 0.467862 0.673662 0.638344 0.583436 0.656104 0.587013 0.432229 0.680301 0.691283 0.638462 0.657745 0.676173 0.685685 0.638718 0.552097 0.62831 0.600425 0.658605 0.563035 0.615475 0.626728 0.586716 0.507402 0.709034 0.681243 0.45092 0.610895 0.710798 0.681545 0.637874 0.70688 0.606407 0.65792 1 0.575604 0.94856 0.474126 0.949898 0.464789 0.697892 0.738739 0.52149 0.481645 0.658508 0.589947 0.725549 0.716842 0.68614 0.720302 0.626068 0.609421 0.662222 0.632153 0.789195 0.677011 0.639252 0.638279 0.577011 0.626033 0.688 0.618301 0.620853 0.59875 0.659459 0.650743 0.748231 0.66167 0.771868 0.694774 0.756238 0.622411 0.629863 0.693456 0.694215 0.733191 0.639908 0.495077 0.658 0.685985 0.629182 0.558546 
0.646774 0.668246 0.621824 0.664815 0.593614 0.695886 0.60479 0.599428 0.671756 0.577446 0.595238 0.565684 0.559775 0.60299 0.550808 0.648313 0.582057 0.602493 0.654281 0.584637 0.45614 0.513636 0.582563 0.67053 0.661654 0.503226 0.495913 0.490783 0.627869 0.572755 0.574887 0.610561 0.600746 0.594631 0.635952 0.593258 0.620567 0.527972 0.478079 0.586207 0.543326 0.617691 0.552311 0.575604 1 0.577778 0.812992 0.575875 0.801193 0.625966 0.570707 0.625255 0.616034 0.639017 0.644809 0.563522 0.576043 0.644144 0.59388 0.558299 0.504926 0.498911 0.477629 0.591588 0.625943 0.514484 0.461373 0.595777 0.542707 0.639222 0.641577 0.642072 0.652614 0.598886 0.565986 0.603581 0.624484 0.615023 0.618898 0.552096 0.516959 0.547043 0.625 0.576873 0.590411 0.580451 0.623016 0.558638 0.557952 0.482163 0.597015 
0.642236 0.672372 0.701405 0.54069 0.735698 0.614247 0.750293 0.736425 0.575458 0.710098 0.48068 0.676692 0.638393 0.603558 0.661275 0.59893 0.44704 0.681367 0.708955 0.635135 0.644096 0.665728 0.691083 0.646388 0.566248 0.634375 0.60827 0.649573 0.577358 0.624549 0.644208 0.60177 0.521498 0.711828 0.688312 0.465079 0.623498 0.712368 0.671041 0.641317 0.699711 0.611502 0.65144 0.94856 0.577778 1 0.480519 0.987448 0.47093 0.703125 0.73695 0.535503 0.500759 0.656699 0.59673 0.715306 0.720905 0.690952 0.721239 0.622538 0.604814 0.662738 0.634847 0.793926 0.683962 0.642176 0.633841 0.586085 0.622622 0.692849 0.633917 0.626521 0.601542 0.672204 0.654348 0.736298 0.661184 0.787621 0.703659 0.740196 0.616346 0.615716 0.704358 0.700846 0.740984 0.644706 0.50508 0.674847 0.695793 0.618596 0.576976 
0.614964 0.602496 0.561139 0.690171 0.504052 0.669405 0.515101 0.529506 0.665929 0.50753 0.625641 0.47181 0.461659 0.539623 0.455919 0.635438 0.685714 0.516923 0.57404 0.508716 0.3826 0.420792 0.49781 0.590226 0.632609 0.41394 0.401813 0.396985 0.522305 0.508711 0.471986 0.539326 0.571121 0.511144 0.544068 0.621984 0.587398 0.442748 0.390519 0.496795 0.460358 0.573109 0.458667 0.474126 0.812992 0.480519 1 0.479256 0.953596 0.586087 0.491667 0.670644 0.646766 0.552677 0.618449 0.46888 0.482861 0.570707 0.496136 0.462709 0.425676 0.419622 0.389294 0.500752 0.526227 0.4311 0.374419 0.507614 0.448476 0.543624 0.572016 0.576991 0.602687 0.501548 0.466063 0.509859 0.551145 0.544974 0.554174 0.462647 0.445722 0.491071 0.54223 0.50508 0.506079 0.510961 0.622685 0.471567 0.473134 0.391468 0.55819 
0.639951 0.671117 0.701163 0.536252 0.734091 0.609333 0.746217 0.733708 0.570629 0.71521 0.479326 0.676628 0.637472 0.602774 0.661306 0.596817 0.444444 0.682366 0.703704 0.63311 0.647494 0.664799 0.691983 0.645283 0.562932 0.636646 0.607568 0.65628 0.574282 0.622461 0.633803 0.598494 0.517194 0.708333 0.688159 0.460692 0.621192 0.712107 0.673629 0.638106 0.701435 0.608392 0.649556 0.949898 0.575875 0.987448 0.479256 1 0.4683 0.702864 0.735504 0.533724 0.496241 0.654394 0.593243 0.719067 0.720557 0.691949 0.716484 0.619565 0.610169 0.668169 0.635023 0.788793 0.683841 0.644213 0.634906 0.584309 0.620798 0.697322 0.628838 0.624396 0.59949 0.668867 0.652268 0.734841 0.66122 0.783133 0.698547 0.740741 0.621415 0.62246 0.700585 0.702731 0.740499 0.64486 0.502158 0.674797 0.69239 0.619811 0.572215 
0.605893 0.600719 0.550676 0.684665 0.495098 0.672199 0.509306 0.524116 0.655481 0.500759 0.623377 0.470852 0.455836 0.535238 0.451204 0.633745 0.686842 0.506977 0.562731 0.5 0.373024 0.417186 0.488235 0.58444 0.641758 0.406877 0.394216 0.390645 0.512195 0.504394 0.467466 0.533081 0.56427 0.511976 0.536752 0.630435 0.581109 0.435339 0.38706 0.483037 0.451737 0.562712 0.44698 0.464789 0.801193 0.47093 0.953596 0.4683 1 0.582456 0.486713 0.673913 0.644836 0.543554 0.608051 0.463788 0.474474 0.565365 0.490654 0.457055 0.419048 0.416171 0.385557 0.492424 0.518771 0.423664 0.369591 0.5 0.442982 0.536379 0.567568 0.564286 0.589147 0.49142 0.458967 0.506383 0.547692 0.539146 0.551971 0.456464 0.440874 0.469265 0.53833 0.498538 0.49464 0.505102 0.611241 0.465084 0.461654 0.387626 0.553377 
